MPU6050 - 04/16/2018 23:43:01
0.066 -1.0 0.2 0.0 10.6 -79.1 -103.6 0.970
0.159 -1.0 0.2 0.0 10.6 -79.0 -103.7 0.970
0.253 -1.0 0.2 0.0 10.7 -79.0 -103.7 0.968
0.37 -1.0 0.2 0.0 10.6 -79.0 -103.7 0.969
0.462 -1.0 0.2 0.0 10.6 -79.1 -103.7 0.971
0.556 -1.0 0.2 0.0 10.6 -79.1 -103.7 0.974
0.665 -0.9 0.2 0.0 10.7 -79.0 -103.7 0.964
0.759 -1.0 0.2 0.0 10.7 -79.0 -103.7 0.973
0.852 -1.0 0.2 0.0 10.7 -79.0 -103.7 0.971
1.056 -1.0 0.2 0.0 10.9 -78.8 -103.9 0.972
1.165 -1.0 0.2 0.0 11.0 -78.7 -104.0 0.972
1.259 -1.0 0.2 0.0 11.0 -78.7 -104.0 0.969
1.352 -1.0 0.2 0.0 11.0 -78.7 -104.0 0.971
1.452 -1.0 0.2 0.0 11.1 -78.7 -104.0 0.978
1.554 -0.9 0.2 0.0 11.1 -78.6 -104.0 0.969
1.663 -0.9 0.2 0.0 11.2 -78.5 -104.2 0.969
1.757 -1.0 0.2 0.0 11.0 -78.7 -104.0 0.973
1.851 -0.9 0.2 0.0 10.8 -78.9 -103.8 0.965
2.054 -0.9 0.2 0.0 10.5 -79.3 -103.3 0.960
2.147 -1.0 0.2 0.0 10.3 -79.4 -103.2 0.972
2.257 -1.0 0.2 0.1 10.3 -79.3 -103.4 0.970
2.351 -0.9 0.2 0.0 10.5 -79.2 -103.5 0.964
2.452 -1.0 0.2 0.0 10.7 -79.0 -103.6 0.979
2.562 -0.9 0.2 0.0 10.8 -78.8 -104.0 0.960
2.655 -0.9 0.2 0.1 11.2 -78.4 -104.7 0.969
2.749 -0.9 0.2 0.1 11.4 -78.2 -105.2 0.968
2.859 -1.0 0.2 0.1 11.3 -78.3 -105.0 0.972
3.062 -1.0 0.2 0.0 10.9 -78.8 -104.2 0.971
3.155 -1.0 0.2 0.1 10.8 -78.9 -104.1 0.973
3.265 -0.9 0.2 0.1 10.8 -78.8 -104.4 0.965
3.362 -1.0 0.2 0.1 10.9 -78.7 -104.5 0.974
3.457 -1.0 0.2 0.1 11.0 -78.6 -104.6 0.970
3.561 -0.9 0.2 0.1 11.1 -78.4 -104.8 0.969
3.651 -1.0 0.2 0.1 11.2 -78.3 -104.9 0.976
3.761 -0.9 0.2 0.1 11.2 -78.3 -104.9 0.970
3.854 -0.9 0.2 0.1 11.2 -78.3 -104.9 0.969
4.058 -0.9 0.2 0.1 11.2 -78.3 -104.9 0.969
4.151 -1.0 0.2 0.1 11.2 -78.3 -104.8 0.976
4.261 -1.0 0.2 0.1 11.2 -78.3 -104.8 0.973
4.361 -0.9 0.2 0.1 11.3 -78.3 -104.8 0.969
4.458 -1.0 0.2 0.1 11.2 -78.4 -104.7 0.970
4.552 -0.9 0.2 0.1 11.2 -78.4 -104.6 0.970
4.646 -1.0 0.2 0.1 11.2 -78.4 -104.6 0.972
4.755 -0.9 0.2 0.0 11.2 -78.4 -104.6 0.968
4.849 -1.0 0.2 0.0 11.3 -78.4 -104.6 0.973
5.052 -1.0 0.2 0.0 11.3 -78.4 -104.5 0.973
5.161 -1.0 0.2 0.0 11.3 -78.4 -104.5 0.974
5.255 -0.9 0.2 0.1 11.3 -78.4 -104.5 0.967
5.349 -1.0 0.2 0.1 11.3 -78.3 -104.6 0.972
5.462 -1.0 0.2 0.0 11.3 -78.3 -104.6 0.971
5.556 -1.0 0.2 0.1 11.4 -78.3 -104.6 0.972
5.65 -1.0 0.2 0.0 11.4 -78.3 -104.6 0.971
5.744 -1.0 0.2 0.0 11.4 -78.3 -104.5 0.973
5.853 -1.0 0.2 0.0 11.4 -78.3 -104.5 0.971
6.056 -1.0 0.2 0.0 11.4 -78.3 -104.5 0.974
6.15 -0.9 0.2 0.0 11.4 -78.3 -104.5 0.970
6.26 -1.0 0.2 0.0 11.5 -78.2 -104.6 0.972
6.353 -1.0 0.2 0.0 11.5 -78.2 -104.7 0.971
6.44 -0.9 0.2 0.1 11.5 -78.1 -104.7 0.967
6.554 -1.0 0.2 0.0 11.7 -78.0 -104.9 0.978
6.648 -1.0 0.2 0.1 11.7 -77.9 -105.0 0.974
6.758 -0.9 0.2 0.1 11.8 -77.8 -105.1 0.968
6.851 -1.0 0.2 0.1 11.9 -77.7 -105.2 0.974
7.054 -0.9 0.2 0.1 11.9 -77.8 -105.2 0.972
7.148 -0.9 0.2 0.1 11.9 -77.8 -105.2 0.968
7.258 -1.0 0.2 0.0 11.9 -77.8 -105.2 0.973
7.351 -1.0 0.2 0.1 11.9 -77.8 -105.2 0.972
7.454 -0.9 0.2 0.0 11.9 -77.8 -105.2 0.971
7.548 -0.9 0.2 0.1 11.9 -77.8 -105.1 0.970
7.657 -0.9 0.2 0.1 11.8 -77.8 -105.1 0.969
7.751 -0.9 0.2 0.0 11.8 -77.8 -105.1 0.969
7.844 -0.9 0.2 0.0 11.8 -77.8 -105.0 0.967
8.048 -0.9 0.2 0.0 11.9 -77.8 -105.0 0.970
8.157 -0.9 0.2 0.0 11.9 -77.8 -104.9 0.970
8.251 -1.0 0.2 0.0 11.9 -77.9 -104.9 0.972
8.344 -1.0 0.2 0.0 11.9 -77.9 -104.9 0.974
8.444 -0.9 0.2 0.0 11.9 -77.8 -105.0 0.968
8.553 -0.9 0.2 0.1 12.0 -77.8 -105.1 0.971
8.647 -0.9 0.2 0.1 12.0 -77.7 -105.1 0.972
8.757 -0.9 0.2 0.0 11.9 -77.8 -105.0 0.971
8.85 -1.0 0.2 0.1 11.9 -77.8 -105.0 0.977
9.053 -0.9 0.2 0.0 11.9 -77.8 -105.1 0.971
9.147 -0.9 0.2 0.1 12.0 -77.7 -105.1 0.970
9.241 -0.9 0.2 0.1 12.0 -77.7 -105.1 0.970
9.355 -0.9 0.2 0.0 12.0 -77.7 -105.2 0.969
9.443 -0.9 0.2 0.1 12.0 -77.7 -105.2 0.970
9.557 -0.9 0.2 0.0 11.9 -77.8 -105.1 0.971
9.653 -1.0 0.2 0.1 11.9 -77.7 -105.1 0.973
9.746 -0.9 0.2 0.0 11.9 -77.8 -105.2 0.972
9.84 -0.9 0.2 0.0 11.9 -77.8 -105.1 0.968
10.043 -0.9 0.2 0.1 11.9 -77.8 -105.1 0.971
10.153 -0.9 0.2 0.0 11.9 -77.8 -105.1 0.969
10.246 -0.9 0.2 0.0 12.0 -77.7 -105.1 0.972
10.356 -1.0 0.2 0.0 12.0 -77.8 -105.0 0.973
10.455 -0.9 0.2 0.0 12.0 -77.7 -105.1 0.969
10.54 -0.9 0.2 0.0 12.0 -77.7 -105.0 0.968
10.649 -0.9 0.2 0.0 12.0 -77.8 -105.0 0.971
10.743 -0.9 0.2 0.0 12.0 -77.8 -105.0 0.972
10.852 -0.9 0.2 0.0 12.0 -77.8 -105.0 0.968
11.056 -1.0 0.2 0.0 12.0 -77.7 -105.0 0.974
11.149 -0.9 0.2 0.0 12.0 -77.7 -105.0 0.971
11.243 -0.9 0.2 0.0 12.0 -77.7 -105.1 0.973
11.337 -0.9 0.2 0.0 12.0 -77.7 -105.0 0.967
11.442 -0.9 0.2 0.0 11.9 -77.8 -105.0 0.971
11.535 -0.9 0.2 0.0 11.9 -77.8 -105.0 0.968
11.645 -0.9 0.2 0.1 12.0 -77.8 -105.1 0.973
11.754 -0.9 0.2 0.1 12.0 -77.7 -105.2 0.969
11.848 -0.9 0.2 0.1 12.1 -77.6 -105.4 0.972
12.051 -1.0 0.2 0.1 12.2 -77.5 -105.5 0.977
12.145 -0.9 0.2 0.0 12.4 -77.3 -105.7 0.967
12.254 -0.9 0.2 0.0 12.4 -77.3 -105.5 0.967
12.348 -0.9 0.2 0.1 12.5 -77.2 -105.6 0.972
12.448 -0.9 0.2 0.0 12.6 -77.2 -105.5 0.968
12.541 -0.9 0.2 0.0 12.6 -77.1 -105.5 0.972
12.651 -0.9 0.2 0.0 12.7 -77.1 -105.4 0.976
12.745 -0.9 0.2 0.0 12.8 -77.0 -105.5 0.971
12.854 -0.9 0.2 0.0 12.9 -77.0 -105.5 0.975
13.041 -0.9 0.2 0.0 12.8 -77.0 -105.5 0.949
13.151 -0.9 0.2 0.1 12.9 -76.9 -105.7 0.968
13.245 -0.9 0.2 0.0 13.0 -76.8 -105.5 0.965
13.338 -1.0 0.2 0.0 13.2 -76.7 -105.5 0.980
13.442 -1.0 0.2 0.0 13.3 -76.6 -105.7 0.979
13.536 -1.0 0.2 0.0 13.4 -76.5 -105.7 0.980
13.637 -1.0 0.2 0.0 13.4 -76.5 -105.6 0.980
13.747 -1.0 0.2 0.0 13.4 -76.5 -105.4 0.981
13.84 -0.9 0.2 0.0 13.3 -76.6 -105.4 0.977
14.043 -0.9 0.2 0.0 13.2 -76.8 -105.2 0.975
14.137 -0.9 0.2 0.0 13.2 -76.8 -105.1 0.970
14.247 -0.9 0.2 0.0 13.2 -76.7 -105.3 0.969
14.356 -0.9 0.2 0.0 13.3 -76.7 -105.3 0.974
14.442 -0.9 0.2 0.0 13.3 -76.6 -105.2 0.966
14.539 -0.9 0.2 0.0 13.3 -76.6 -105.2 0.971
14.633 -0.9 0.2 0.0 13.4 -76.6 -105.2 0.971
14.742 -0.9 0.2 0.0 13.4 -76.5 -105.4 0.969
14.836 -0.9 0.2 0.0 13.5 -76.5 -105.4 0.972
15.039 -0.9 0.2 0.0 13.4 -76.5 -105.3 0.975
15.148 -0.9 0.2 0.0 13.3 -76.6 -105.2 0.973
15.242 -0.9 0.2 0.0 13.3 -76.6 -105.2 0.969
15.352 -0.9 0.2 0.0 13.3 -76.6 -105.2 0.972
15.436 -1.0 0.2 0.0 13.3 -76.7 -105.1 0.978
15.538 -0.9 0.2 0.0 13.2 -76.7 -104.9 0.973
15.632 -0.9 0.2 0.0 13.2 -76.7 -104.8 0.976
15.741 -0.9 0.2 0.0 13.2 -76.8 -104.9 0.975
15.835 -0.9 0.2 0.0 12.9 -77.1 -104.7 0.968
16.038 -0.9 0.2 0.0 11.3 -78.6 -103.1 0.970
16.132 -0.9 0.2 0.0 10.1 -79.7 -102.2 0.964
16.241 -1.0 0.1 0.0 8.4 -81.3 -100.8 0.978
16.335 -1.0 0.1 0.0 5.9 -83.9 -98.0 0.997
16.438 -1.0 0.0 0.0 2.4 -87.3 -93.8 0.974
16.532 -1.0 -0.0 0.0 -1.4 -88.6 -89.0 0.969
16.641 -1.0 -0.1 -0.0 -5.7 -84.3 -83.4 0.959
16.735 -1.0 -0.2 -0.1 -10.5 -79.0 -76.1 0.978
16.844 -0.9 -0.3 -0.1 -14.8 -74.2 -69.3 0.985
17.047 -0.9 -0.3 -0.2 -21.0 -66.9 -59.8 0.976
17.141 -0.9 -0.4 -0.2 -22.8 -65.0 -57.4 0.974
17.344 -0.9 -0.4 -0.2 -24.4 -63.4 -55.7 0.964
17.443 -0.9 -0.4 -0.2 -24.5 -63.1 -55.1 0.997
17.537 -0.9 -0.4 -0.2 -24.2 -63.4 -55.3 0.965
17.637 -0.9 -0.4 -0.2 -23.7 -63.9 -55.9 0.981
17.747 -0.9 -0.4 -0.2 -23.0 -64.7 -56.8 0.978
17.844 -0.9 -0.4 -0.2 -22.1 -65.7 -58.2 0.984
17.938 -0.9 -0.3 -0.1 -20.6 -67.4 -60.3 0.951
18.141 -0.9 -0.3 -0.1 -18.2 -70.0 -63.3 0.962
18.235 -0.9 -0.3 -0.1 -17.1 -71.1 -64.7 0.977
18.35 -0.9 -0.3 -0.1 -16.3 -72.0 -65.7 0.974
18.443 -0.9 -0.3 -0.2 -15.5 -72.8 -66.6 0.988
18.638 -0.9 -0.2 -0.1 -13.8 -74.8 -69.3 0.958
18.732 -0.9 -0.2 -0.1 -12.5 -76.3 -71.3 0.960
18.842 -0.9 -0.2 -0.1 -10.8 -78.0 -73.6 0.968
19.534 -1.0 0.0 -0.0 0.2 -88.6 -88.7 0.981
19.628 -1.0 0.0 -0.0 1.3 -88.1 -89.9 0.989
19.737 -1.0 0.1 -0.0 2.1 -87.5 -90.5 0.972
19.831 -1.0 0.0 -0.0 2.6 -87.0 -90.9 0.978
19.942 -1.0 0.0 -0.0 2.7 -86.8 -90.9 0.983
20.038 -1.0 0.1 -0.0 2.9 -86.7 -91.1 0.968
20.132 -1.0 0.1 -0.0 2.9 -86.8 -91.4 0.970
20.241 -1.0 0.0 -0.0 3.1 -86.6 -91.7 0.967
20.539 -1.0 0.1 -0.0 4.1 -85.7 -92.5 0.980
20.633 -1.0 0.1 -0.0 4.5 -85.4 -93.0 0.977
20.727 -1.0 0.1 -0.0 4.8 -85.2 -93.5 0.979
20.836 -1.0 0.1 -0.0 4.9 -85.0 -93.8 0.981
20.93 -1.0 0.1 -0.0 5.0 -84.9 -94.0 0.970
21.039 -1.0 0.1 -0.0 5.0 -84.9 -94.0 0.964
21.133 -1.0 0.1 -0.0 4.9 -85.0 -93.8 0.971
21.242 -1.0 0.1 -0.0 4.9 -85.0 -93.6 0.973
21.336 -1.0 0.1 -0.0 4.8 -85.1 -93.6 0.973
21.531 -1.0 0.1 -0.0 4.7 -85.2 -93.5 0.970
21.641 -1.0 0.1 -0.0 4.7 -85.2 -93.4 0.972
21.734 -1.0 0.1 -0.0 4.7 -85.2 -93.3 0.972
21.828 -1.0 0.1 -0.0 4.7 -85.2 -93.3 0.971
21.937 -1.0 0.1 -0.0 4.7 -85.1 -93.2 0.972
22.031 -1.0 0.1 -0.0 4.7 -85.1 -93.1 0.972
22.125 -1.0 0.1 -0.0 4.7 -85.1 -93.1 0.978
22.234 -1.0 0.1 -0.0 4.7 -85.1 -93.2 0.972
22.328 -1.0 0.1 -0.0 4.8 -85.1 -93.3 0.975
22.536 -1.0 0.1 -0.0 4.7 -85.2 -93.5 0.974
22.637 -1.0 0.1 -0.0 4.7 -85.2 -93.5 0.971
