MPU6050 - 04/16/2018 23:43:56
0.016 -1.0 0.1 0.1 8.0 -80.6 -103.7 0.971
0.125 -1.0 0.1 0.1 8.2 -80.5 -103.7 0.975
0.219 -1.0 0.1 0.1 8.4 -80.3 -103.9 0.975
0.328 -1.0 0.1 0.1 8.6 -80.2 -103.9 0.976
0.427 -1.0 0.2 0.1 8.6 -80.2 -103.9 0.975
0.521 -1.0 0.2 0.1 8.6 -80.2 -104.0 0.969
0.63 -1.0 0.1 0.1 8.6 -80.1 -104.0 0.969
0.724 -1.0 0.1 0.1 8.6 -80.1 -104.0 0.970
0.927 -1.0 0.1 0.1 8.7 -80.0 -104.2 0.977
1.021 -1.0 0.2 0.1 8.7 -80.0 -104.2 0.972
1.13 -1.0 0.2 0.1 8.7 -80.0 -104.3 0.970
1.224 -1.0 0.2 0.1 8.7 -80.0 -104.3 0.974
1.318 -1.0 0.1 0.1 8.7 -80.0 -104.3 0.972
1.424 -1.0 0.1 0.1 8.7 -80.0 -104.3 0.974
1.518 -1.0 0.1 0.1 8.7 -80.0 -104.2 0.968
1.619 -1.0 0.1 0.1 8.7 -80.0 -104.2 0.974
1.728 -1.0 0.1 0.1 8.7 -80.0 -104.2 0.971
1.915 -1.0 0.1 0.1 8.7 -80.0 -104.3 0.970
2.025 -1.0 0.2 0.1 8.8 -79.9 -104.3 0.973
2.119 -1.0 0.1 0.1 8.8 -79.9 -104.3 0.973
2.212 -1.0 0.2 0.1 8.8 -79.9 -104.4 0.969
2.322 -1.0 0.2 0.1 8.8 -79.9 -104.3 0.970
2.421 -1.0 0.2 0.1 8.8 -79.9 -104.3 0.973
2.515 -1.0 0.2 0.1 8.8 -79.9 -104.3 0.974
2.609 -1.0 0.2 0.1 8.9 -79.9 -104.3 0.971
2.718 -1.0 0.2 0.1 8.9 -79.9 -104.3 0.974
2.921 -1.0 0.2 0.1 8.9 -79.9 -104.3 0.968
3.015 -1.0 0.2 0.1 8.9 -79.9 -104.3 0.973
3.124 -1.0 0.2 0.1 8.9 -79.9 -104.3 0.971
3.218 -1.0 0.2 0.1 9.0 -79.8 -104.4 0.973
3.312 -1.0 0.2 0.1 9.0 -79.8 -104.4 0.972
3.412 -1.0 0.2 0.1 9.0 -79.8 -104.5 0.974
3.521 -1.0 0.2 0.1 9.1 -79.7 -104.5 0.976
3.614 -1.0 0.2 0.1 9.1 -79.7 -104.6 0.973
3.723 -1.0 0.2 0.1 9.1 -79.7 -104.6 0.974
3.926 -1.0 0.2 0.1 9.1 -79.6 -104.6 0.968
4.02 -1.0 0.2 0.1 9.1 -79.6 -104.6 0.971
4.114 -1.0 0.2 0.1 9.1 -79.6 -104.6 0.971
4.223 -1.0 0.2 0.1 9.1 -79.7 -104.6 0.975
4.317 -1.0 0.2 0.1 9.1 -79.7 -104.6 0.969
4.417 -1.0 0.2 0.1 9.1 -79.6 -104.6 0.973
4.511 -1.0 0.2 0.1 9.1 -79.6 -104.7 0.972
4.621 -1.0 0.2 0.1 9.1 -79.6 -104.7 0.971
4.714 -1.0 0.2 0.1 9.2 -79.6 -104.7 0.973
4.917 -1.0 0.2 0.1 9.3 -79.5 -104.7 0.973
5.027 -1.0 0.2 0.1 9.3 -79.5 -104.7 0.971
5.121 -1.0 0.2 0.1 9.3 -79.5 -104.7 0.974
5.214 -1.0 0.2 0.1 9.3 -79.5 -104.7 0.975
5.308 -1.0 0.2 0.1 9.3 -79.5 -104.7 0.974
5.424 -1.0 0.2 0.1 9.3 -79.5 -104.7 0.971
5.518 -1.0 0.2 0.1 9.3 -79.5 -104.7 0.969
5.611 -1.0 0.2 0.1 9.4 -79.5 -104.7 0.969
5.721 -1.0 0.2 0.1 9.4 -79.5 -104.7 0.969
5.908 -1.0 0.2 0.1 9.4 -79.5 -104.7 0.971
6.018 -1.0 0.2 0.1 9.4 -79.5 -104.7 0.968
6.111 -1.0 0.2 0.1 9.4 -79.5 -104.7 0.969
6.221 -1.0 0.2 0.1 9.4 -79.5 -104.7 0.972
6.314 -1.0 0.2 0.1 9.4 -79.5 -104.8 0.974
6.414 -1.0 0.2 0.1 9.4 -79.4 -104.8 0.979
6.508 -1.0 0.2 0.1 9.4 -79.4 -104.8 0.974
6.617 -1.0 0.2 0.1 9.3 -79.5 -104.8 0.972
6.711 -1.0 0.2 0.1 9.3 -79.5 -104.8 0.971
6.914 -1.0 0.2 0.1 9.2 -79.5 -104.7 0.969
7.008 -1.0 0.2 0.1 9.2 -79.5 -104.7 0.970
7.117 -1.0 0.2 0.1 9.2 -79.5 -104.7 0.973
7.211 -1.0 0.2 0.1 9.1 -79.6 -104.7 0.971
7.305 -1.0 0.2 0.1 9.1 -79.6 -104.6 0.971
7.41 -1.0 0.2 0.1 9.1 -79.6 -104.6 0.972
7.519 -1.0 0.2 0.1 9.2 -79.6 -104.7 0.973
7.606 -1.0 0.2 0.1 9.2 -79.5 -104.7 0.970
7.715 -1.0 0.2 0.1 9.3 -79.5 -104.7 0.971
7.918 -1.0 0.2 0.1 9.4 -79.4 -104.8 0.975
8.012 -1.0 0.2 0.1 9.5 -79.4 -104.8 0.976
8.121 -1.0 0.2 0.1 9.5 -79.4 -104.8 0.972
8.215 -1.0 0.2 0.1 9.5 -79.4 -104.8 0.972
8.309 -1.0 0.2 0.1 9.5 -79.4 -104.8 0.975
8.408 -1.0 0.2 0.1 9.5 -79.4 -104.8 0.970
8.517 -1.0 0.2 0.1 9.6 -79.3 -104.8 0.972
8.611 -1.0 0.2 0.1 9.6 -79.3 -104.8 0.975
8.705 -1.0 0.2 0.1 9.6 -79.3 -104.8 0.974
8.908 -1.0 0.2 0.1 9.7 -79.3 -104.8 0.973
9.017 -1.0 0.2 0.1 9.7 -79.3 -104.8 0.972
9.111 -1.0 0.2 0.1 9.7 -79.3 -104.9 0.968
9.205 -1.0 0.2 0.1 9.7 -79.2 -104.9 0.974
9.314 -1.0 0.2 0.1 9.6 -79.3 -104.9 0.971
9.414 -1.0 0.2 0.1 9.6 -79.2 -105.0 0.974
9.508 -1.0 0.2 0.1 9.6 -79.3 -104.9 0.969
9.614 -1.0 0.2 0.1 9.6 -79.3 -104.9 0.971
9.708 -1.0 0.2 0.1 9.6 -79.3 -104.9 0.975
9.911 -1.0 0.2 0.1 9.5 -79.3 -104.8 0.972
10.005 -1.0 0.2 0.1 9.4 -79.4 -104.8 0.970
10.114 -1.0 0.2 0.1 9.4 -79.4 -104.8 0.972
10.208 -1.0 0.2 0.1 9.4 -79.4 -104.8 0.974
10.302 -1.0 0.2 0.1 9.5 -79.3 -104.9 0.972
10.416 -1.0 0.2 0.1 9.5 -79.3 -104.9 0.972
10.512 -1.0 0.2 0.1 9.6 -79.3 -104.9 0.971
10.62 -1.0 0.2 0.1 9.6 -79.2 -104.9 0.971
10.714 -1.0 0.2 0.1 9.7 -79.2 -105.0 0.973
10.907 -1.0 0.2 0.1 9.8 -79.2 -105.0 0.975
11.017 -1.0 0.2 0.1 9.8 -79.2 -104.9 0.977
11.11 -1.0 0.2 0.1 9.8 -79.2 -104.9 0.971
11.204 -1.0 0.2 0.1 9.8 -79.2 -104.9 0.969
11.313 -1.0 0.2 0.1 9.7 -79.3 -104.8 0.968
11.413 -1.0 0.2 0.1 9.7 -79.3 -104.7 0.972
11.507 -1.0 0.2 0.1 9.7 -79.3 -104.6 0.978
11.616 -1.0 0.2 0.1 9.8 -79.3 -104.5 0.974
11.71 -1.0 0.2 0.1 9.7 -79.4 -104.4 0.969
11.913 -1.0 0.2 0.1 9.7 -79.3 -104.6 0.971
12.007 -1.0 0.2 0.1 9.7 -79.4 -104.6 0.974
12.116 -1.0 0.2 0.1 9.6 -79.5 -104.4 0.980
12.21 -1.0 0.2 0.1 9.3 -79.8 -104.0 0.980
12.304 -1.0 0.2 0.1 8.8 -80.3 -103.4 0.992
12.413 -1.0 0.1 0.1 8.2 -80.9 -102.7 0.977
12.502 -1.0 0.2 0.1 7.4 -81.7 -101.7 0.996
12.604 -1.0 0.2 0.1 6.4 -82.8 -100.1 1.019
12.698 -1.0 0.1 0.0 4.2 -84.9 -97.5 1.031
12.901 -0.9 -0.0 0.0 -4.8 -85.2 -85.7 0.925
13.011 -1.0 -0.1 -0.0 -8.7 -81.3 -80.5 1.010
13.104 -0.9 -0.2 -0.0 -11.9 -78.0 -76.3 0.938
13.229 -0.9 -0.3 -0.0 -14.6 -75.0 -71.8 0.968
13.308 -0.9 -0.3 -0.1 -17.1 -72.1 -67.2 0.956
13.419 -0.9 -0.4 -0.1 -19.3 -69.5 -63.2 0.994
13.516 -0.9 -0.4 -0.2 -21.0 -67.5 -60.7 0.995
13.61 -0.9 -0.4 -0.2 -22.6 -65.8 -58.6 0.985
13.704 -0.9 -0.4 -0.1 -23.6 -64.7 -57.3 0.965
13.907 -0.9 -0.4 -0.2 -25.3 -62.8 -54.9 0.977
14.016 -0.9 -0.4 -0.2 -26.1 -61.8 -53.8 0.984
14.11 -0.8 -0.4 -0.2 -26.6 -61.2 -53.0 0.971
14.22 -0.8 -0.4 -0.2 -26.9 -60.8 -52.5 0.964
14.313 -0.8 -0.5 -0.2 -27.3 -60.5 -52.2 0.967
14.413 -0.8 -0.5 -0.2 -27.8 -60.0 -51.9 0.962
14.507 -0.8 -0.5 -0.2 -28.3 -59.5 -51.4 0.977
14.6 -0.8 -0.5 -0.2 -28.7 -59.0 -50.8 0.972
14.71 -0.8 -0.5 -0.2 -29.1 -58.6 -50.3 0.943
14.913 -0.8 -0.5 -0.2 -29.6 -57.9 -49.3 0.963
15.007 -0.8 -0.5 -0.2 -29.7 -57.8 -49.3 0.977
15.116 -0.8 -0.5 -0.2 -29.6 -57.9 -49.4 0.965
15.225 -0.8 -0.5 -0.2 -29.4 -58.2 -49.7 0.968
15.304 -0.8 -0.5 -0.2 -29.1 -58.5 -50.1 0.976
15.411 -0.8 -0.5 -0.2 -28.9 -58.7 -50.3 0.968
15.513 -0.8 -0.5 -0.2 -28.7 -59.0 -50.7 0.965
15.614 -0.8 -0.5 -0.2 -28.4 -59.2 -50.8 0.971
15.708 -0.8 -0.5 -0.2 -28.1 -59.3 -50.7 0.983
15.911 -0.8 -0.5 -0.2 -27.6 -59.8 -51.3 0.971
16.005 -0.8 -0.5 -0.2 -27.5 -60.0 -51.6 0.975
16.114 -0.8 -0.5 -0.2 -27.5 -60.0 -51.5 0.975
16.208 -0.8 -0.5 -0.2 -27.6 -59.9 -51.4 0.975
16.301 -0.8 -0.5 -0.2 -27.7 -59.8 -51.2 0.971
16.603 -0.8 -0.5 -0.2 -28.0 -59.4 -50.8 0.971
16.697 -0.8 -0.5 -0.2 -28.0 -59.4 -50.6 0.967
16.806 -0.8 -0.5 -0.2 -27.9 -59.4 -50.6 0.973
16.9 -0.8 -0.5 -0.2 -27.9 -59.4 -50.6 0.973
17.103 -0.8 -0.5 -0.2 -27.9 -59.4 -50.5 0.964
17.213 -0.8 -0.5 -0.2 -28.0 -59.3 -50.4 0.970
17.424 -0.8 -0.5 -0.2 -28.1 -59.2 -50.3 0.974
17.603 -0.8 -0.5 -0.2 -28.1 -59.1 -50.1 0.972
17.697 -0.8 -0.5 -0.2 -28.3 -58.9 -49.8 0.961
17.9 -0.8 -0.5 -0.2 -28.4 -58.8 -49.6 0.974
18.01 -0.8 -0.5 -0.2 -28.3 -58.8 -49.6 0.977
18.197 -0.8 -0.5 -0.2 -28.3 -58.9 -49.8 0.972
18.307 -0.8 -0.5 -0.2 -27.9 -59.6 -50.9 0.983
18.414 -0.8 -0.5 -0.2 -27.3 -60.3 -52.0 0.976
18.499 -0.9 -0.4 -0.2 -26.3 -61.5 -53.4 0.980
18.609 -0.9 -0.4 -0.2 -25.0 -63.0 -55.2 0.971
18.812 -0.9 -0.4 -0.1 -23.1 -65.2 -58.2 0.969
18.906 -0.9 -0.3 -0.1 -17.9 -71.2 -66.3 0.960
19.015 -0.9 -0.2 -0.1 -14.6 -74.8 -71.0 0.975
19.109 -0.9 -0.2 -0.0 -10.8 -78.9 -76.5 0.956
19.203 -1.0 -0.1 -0.0 -6.9 -83.1 -82.2 0.989
19.296 -1.0 -0.0 -0.0 -3.3 -86.7 -87.4 0.972
19.412 -1.0 0.0 0.0 0.2 -88.1 -92.3 1.000
19.505 -1.0 0.1 0.1 3.3 -85.4 -97.0 0.968
19.615 -1.0 0.1 0.1 6.2 -82.5 -101.1 0.970
19.809 -0.9 0.1 0.1 8.1 -80.4 -103.9 0.955
19.91 -0.9 0.2 0.1 12.2 -76.4 -108.9 0.968
20.004 -0.9 0.2 0.1 13.6 -75.1 -110.4 0.963
20.098 -0.9 0.3 0.1 14.7 -74.0 -111.6 0.963
20.207 -0.9 0.3 0.1 15.7 -73.1 -112.6 0.972
20.301 -0.9 0.3 0.1 16.4 -72.4 -113.3 0.976
20.405 -0.9 0.3 0.1 17.0 -71.9 -114.0 0.983
20.512 -0.9 0.3 0.1 17.3 -71.5 -114.4 0.979
20.59 -0.9 0.3 0.1 17.4 -71.4 -114.6 0.975
20.793 -0.9 0.3 0.1 17.5 -71.3 -114.6 0.969
20.902 -0.9 0.3 0.1 17.4 -71.5 -114.1 0.978
20.996 -0.9 0.3 0.1 17.4 -71.6 -113.9 0.977
21.106 -0.9 0.3 0.1 17.4 -71.8 -113.3 0.972
21.199 -0.9 0.3 0.1 17.3 -71.9 -112.9 0.983
21.309 -0.9 0.3 0.1 17.2 -72.1 -112.7 0.973
21.403 -0.9 0.3 0.1 16.9 -72.4 -112.4 0.972
21.507 -0.9 0.3 0.1 16.6 -72.8 -111.8 0.978
21.604 -0.9 0.3 0.1 16.0 -73.5 -110.7 0.968
21.793 -0.9 0.2 0.1 15.4 -74.3 -109.5 0.958
21.903 -0.9 0.3 0.0 14.2 -75.6 -107.0 0.980
21.996 -0.9 0.2 0.0 13.8 -76.1 -106.4 0.968
22.106 -0.9 0.2 0.0 13.6 -76.2 -106.2 0.966
22.199 -0.9 0.2 0.0 13.7 -76.2 -106.3 0.974
22.293 -0.9 0.2 0.0 13.8 -76.0 -106.5 0.962
22.404 -0.9 0.2 0.0 13.9 -75.9 -106.7 0.966
22.505 -0.9 0.2 0.0 14.0 -75.8 -106.9 0.971
22.591 -0.9 0.2 0.0 14.0 -75.8 -106.8 0.968
22.795 -0.9 0.2 0.0 14.0 -75.9 -106.6 0.970
22.888 -0.9 0.2 0.0 14.0 -75.9 -106.3 0.973
22.998 -0.9 0.2 0.0 13.9 -76.0 -106.2 0.971
23.091 -0.9 0.2 0.0 13.9 -76.0 -106.0 0.971
23.201 -0.9 0.2 0.0 13.8 -76.1 -105.9 0.976
23.295 -0.9 0.2 0.0 13.8 -76.1 -105.8 0.966
