MPU6050 - 04/15/2018 22:49:09
0.056 -0.7 -0.6 -0.3 -36.6 -47.2 86.4 0.948
0.157 -0.7 -0.6 -0.3 -37.0 -47.0 88.0 0.990
0.256 -0.7 -0.7 -0.3 -37.2 -46.6 88.5 1.023
0.36 -0.7 -0.6 -0.3 -37.5 -46.3 90.4 0.946
0.459 -0.7 -0.8 -0.5 -38.8 -45.0 92.6 1.206
0.56 -0.8 -0.5 -0.3 -39.5 -45.0 93.3 0.954
0.66 -0.8 -0.5 -0.4 -36.5 -48.2 93.7 1.036
0.86 -0.8 -0.4 -0.3 -27.3 -58.5 95.4 0.946
0.956 -0.8 -0.3 -0.3 -21.1 -64.9 94.2 0.949
1.058 -0.8 -0.3 -0.3 -15.5 -70.5 92.5 0.926
1.155 -0.9 -0.2 -0.2 -9.8 -75.9 89.8 0.906
1.259 -0.9 -0.3 -0.2 -9.3 -77.2 90.6 0.999
1.357 -0.8 0.1 -0.2 -6.1 -80.6 88.6 0.864
1.457 -1.0 -0.2 -0.2 -4.6 -81.5 86.3 1.040
1.555 -1.0 -0.2 -0.3 -9.5 -76.2 87.9 1.039
1.655 -0.9 -0.2 -0.1 -18.5 -66.4 91.3 0.956
1.856 -0.9 -0.4 -0.2 -29.2 -54.9 97.2 0.981
1.956 -0.8 -0.5 -0.3 -32.0 -51.9 99.8 0.946
2.056 -0.8 -0.4 -0.3 -34.5 -49.2 101.1 0.971
2.155 -0.7 -0.6 -0.3 -35.2 -48.1 101.2 0.970
2.256 -0.7 -0.6 -0.3 -36.7 -46.6 101.6 0.991
2.354 -0.7 -0.6 -0.3 -37.1 -46.0 101.3 0.981
2.455 -0.7 -0.7 -0.3 -37.3 -45.8 100.8 1.010
2.559 -0.7 -0.6 -0.3 -37.2 -46.1 99.4 0.967
2.655 -0.7 -0.7 -0.3 -37.4 -46.5 98.8 1.000
2.856 -0.7 -0.6 -0.3 -37.9 -47.8 101.3 0.980
2.956 -0.7 -0.6 -0.3 -38.2 -48.5 102.9 0.985
3.056 -0.7 -0.6 -0.2 -38.7 -48.8 104.8 0.974
3.154 -0.7 -0.6 -0.2 -38.5 -49.3 106.0 0.972
3.253 -0.7 -0.6 -0.2 -38.2 -49.8 106.7 0.976
3.356 -0.7 -0.6 -0.2 -38.1 -50.1 108.0 0.975
3.454 -0.7 -0.6 -0.2 -38.2 -50.2 109.4 0.972
3.554 -0.8 -0.6 -0.2 -38.3 -50.2 110.4 0.987
3.657 -0.8 -0.6 -0.1 -38.4 -50.2 111.7 0.980
3.857 -0.8 -0.6 -0.1 -38.6 -50.3 113.6 0.976
3.956 -0.8 -0.6 -0.1 -38.3 -50.6 113.5 0.971
4.054 -0.8 -0.6 -0.1 -38.2 -50.6 113.6 0.976
4.153 -0.8 -0.6 -0.1 -38.4 -50.4 114.0 0.980
4.254 -0.7 -0.6 -0.2 -38.4 -50.4 114.3 0.978
4.353 -0.7 -0.6 -0.2 -38.4 -50.4 114.3 0.985
4.451 -0.7 -0.6 -0.1 -38.3 -50.5 114.4 0.977
4.553 -0.8 -0.6 -0.1 -38.2 -50.7 114.5 0.978
4.654 -0.8 -0.6 -0.1 -38.0 -50.9 114.6 0.979
4.853 -0.8 -0.6 -0.1 -37.9 -51.1 115.0 0.980
4.952 -0.8 -0.6 -0.1 -37.9 -51.2 115.1 0.979
5.053 -0.8 -0.6 -0.1 -37.8 -51.3 115.5 0.975
5.152 -0.8 -0.6 -0.1 -37.7 -51.4 115.7 0.973
5.254 -0.8 -0.6 -0.1 -37.6 -51.6 115.8 0.979
5.357 -0.8 -0.6 -0.1 -37.6 -51.6 115.8 0.972
5.452 -0.8 -0.6 -0.1 -37.6 -51.7 115.9 0.975
5.551 -0.8 -0.6 -0.1 -37.5 -51.7 116.1 0.980
5.653 -0.8 -0.6 -0.1 -37.5 -51.8 116.3 0.978
5.852 -0.8 -0.6 -0.1 -37.4 -52.0 116.6 0.977
5.951 -0.8 -0.6 -0.1 -37.3 -52.0 116.7 0.977
6.051 -0.8 -0.6 -0.1 -37.3 -52.1 116.8 0.979
6.151 -0.8 -0.6 -0.1 -37.3 -52.1 116.8 0.975
6.25 -0.8 -0.6 -0.1 -37.3 -52.1 116.9 0.979
6.353 -0.8 -0.6 -0.1 -37.2 -52.2 116.9 0.979
6.453 -0.8 -0.6 -0.1 -37.3 -52.1 117.0 0.978
6.553 -0.8 -0.6 -0.1 -37.2 -52.2 117.0 0.979
6.652 -0.8 -0.6 -0.1 -37.2 -52.2 117.0 0.974
6.849 -0.8 -0.6 -0.1 -37.2 -52.2 116.9 0.972
6.951 -0.8 -0.6 -0.1 -37.2 -52.2 116.9 0.979
7.051 -0.8 -0.6 -0.1 -37.1 -52.3 116.9 0.976
7.151 -0.8 -0.6 -0.1 -37.1 -52.4 116.9 0.978
7.25 -0.8 -0.6 -0.1 -37.0 -52.4 117.0 0.977
7.351 -0.8 -0.6 -0.1 -37.0 -52.4 116.9 0.977
7.45 -0.8 -0.6 -0.1 -37.0 -52.4 117.0 0.976
7.551 -0.8 -0.6 -0.1 -37.0 -52.4 116.9 0.977
7.648 -0.8 -0.6 -0.1 -37.0 -52.4 116.9 0.976
7.85 -0.8 -0.6 -0.1 -36.9 -52.5 116.8 0.972
7.951 -0.8 -0.6 -0.1 -36.9 -52.5 116.8 0.976
8.05 -0.8 -0.6 -0.1 -36.9 -52.5 116.7 0.976
8.149 -0.8 -0.6 -0.1 -36.9 -52.5 116.8 0.972
8.249 -0.8 -0.6 -0.1 -36.9 -52.5 116.8 0.976
8.351 -0.8 -0.6 -0.1 -36.9 -52.5 116.9 0.978
8.45 -0.8 -0.6 -0.1 -36.9 -52.5 116.8 0.977
8.549 -0.8 -0.6 -0.1 -36.9 -52.5 116.8 0.979
8.651 -0.8 -0.6 -0.1 -36.9 -52.5 116.9 0.977
8.85 -0.8 -0.6 -0.1 -36.9 -52.5 116.9 0.975
8.949 -0.8 -0.6 -0.1 -36.9 -52.5 116.9 0.978
9.047 -0.8 -0.6 -0.1 -37.0 -52.4 116.9 0.979
9.149 -0.8 -0.6 -0.1 -37.0 -52.4 116.9 0.977
9.251 -0.8 -0.6 -0.1 -37.1 -52.3 116.9 0.981
9.349 -0.8 -0.6 -0.1 -37.1 -52.3 116.9 0.978
9.449 -0.8 -0.6 -0.1 -37.1 -52.2 117.0 0.977
9.547 -0.8 -0.6 -0.1 -37.1 -52.2 117.0 0.980
9.65 -0.8 -0.6 -0.1 -37.1 -52.3 116.9 0.980
9.848 -0.8 -0.6 -0.1 -37.1 -52.3 117.0 0.972
9.947 -0.8 -0.6 -0.1 -37.1 -52.3 117.1 0.979
10.045 -0.8 -0.6 -0.1 -37.0 -52.4 117.0 0.978
10.146 -0.8 -0.6 -0.1 -37.0 -52.4 117.1 0.977
10.246 -0.8 -0.6 -0.1 -37.0 -52.4 117.1 0.977
10.346 -0.8 -0.6 -0.1 -37.0 -52.4 117.1 0.977
10.446 -0.8 -0.6 -0.1 -37.0 -52.4 117.1 0.981
10.55 -0.8 -0.6 -0.1 -37.0 -52.4 117.1 0.979
10.645 -0.8 -0.6 -0.1 -36.9 -52.5 117.1 0.971
10.847 -0.8 -0.6 -0.1 -37.0 -52.3 117.0 0.980
10.947 -0.8 -0.6 -0.1 -37.1 -52.2 116.8 0.980
11.047 -0.8 -0.6 -0.1 -37.1 -52.3 116.7 0.976
11.146 -0.8 -0.6 -0.1 -37.0 -52.3 116.8 0.976
11.245 -0.8 -0.6 -0.1 -37.0 -52.3 116.7 0.979
11.347 -0.8 -0.6 -0.1 -37.0 -52.3 116.7 0.981
11.444 -0.8 -0.6 -0.1 -36.9 -52.4 116.8 0.974
11.55 -0.8 -0.6 -0.1 -37.0 -52.3 116.9 0.979
11.647 -0.8 -0.6 -0.1 -37.1 -52.3 116.8 0.974
11.846 -0.8 -0.6 -0.1 -37.2 -52.1 116.5 0.978
11.944 -0.7 -0.6 -0.1 -37.4 -51.8 116.1 0.975
12.045 -0.7 -0.7 -0.2 -37.5 -51.3 114.0 0.993
12.144 -0.7 -0.7 -0.2 -37.9 -50.4 110.8 0.989
12.249 -0.7 -0.7 -0.2 -37.8 -49.8 106.2 1.021
12.348 -0.8 -0.5 -0.2 -36.6 -50.7 102.8 0.968
12.445 -0.8 -0.3 -0.1 -34.8 -53.2 105.2 0.911
12.543 -0.8 -0.5 -0.1 -31.9 -56.9 107.8 0.985
12.643 -1.0 -0.3 -0.1 -26.4 -63.2 107.2 1.026
12.843 -0.8 -0.2 0.0 -10.5 -79.1 106.2 0.876
12.942 -0.9 -0.2 0.2 -7.6 -79.6 109.7 0.933
13.047 -0.8 -0.1 0.2 -6.7 -79.0 111.4 0.873
13.145 -1.0 -0.1 0.2 -5.3 -78.9 111.4 0.994
13.243 -0.9 -0.0 0.3 -3.6 -78.7 111.1 0.969
13.345 -1.0 -0.1 0.2 -2.0 -78.5 110.2 1.045
13.442 -0.9 -0.0 0.2 -1.1 -79.1 109.0 0.896
13.542 -1.0 -0.0 0.1 -0.1 -79.4 107.9 0.968
13.643 -1.0 -0.0 0.1 -0.4 -80.3 107.4 0.989
13.845 -1.0 0.0 0.1 0.6 -81.1 104.3 0.969
13.946 -1.0 0.0 0.1 0.7 -81.4 103.0 0.987
14.042 -0.9 -0.0 0.1 0.7 -81.8 102.2 0.956
14.144 -1.0 0.0 0.1 0.8 -81.9 101.8 0.969
14.242 -1.0 0.0 0.1 1.0 -81.7 101.9 0.973
14.352 -1.0 0.0 0.1 1.3 -81.5 102.1 0.975
14.443 -1.0 0.0 0.1 1.6 -81.2 102.6 0.975
14.542 -1.0 0.0 0.2 1.8 -80.9 102.7 0.973
14.642 -1.0 0.0 0.2 1.9 -80.9 102.4 0.978
14.844 -1.0 0.0 0.1 1.5 -81.3 101.6 0.974
14.94 -1.0 0.0 0.1 1.2 -81.5 101.3 0.979
15.041 -1.0 0.0 0.1 0.9 -81.8 101.1 0.981
15.139 -1.0 0.0 0.1 0.7 -82.1 101.1 0.973
15.241 -1.0 0.0 0.1 0.6 -82.3 101.1 0.971
15.341 -1.0 0.0 0.1 0.7 -82.2 101.1 0.974
15.44 -1.0 0.0 0.1 0.8 -82.2 101.0 0.966
15.539 -1.0 0.0 0.1 0.8 -82.3 100.7 0.977
15.638 -1.0 0.0 0.1 0.8 -82.4 100.6 0.971
15.843 -1.0 0.0 0.1 0.8 -82.5 100.4 0.974
15.946 -1.0 0.0 0.1 0.7 -82.5 100.4 0.976
16.039 -1.0 0.0 0.1 0.8 -82.4 100.7 0.977
16.14 -1.0 0.0 0.1 0.9 -82.2 101.1 0.968
16.239 -1.0 0.0 0.1 0.9 -82.0 101.4 0.968
16.341 -1.0 0.0 0.1 0.9 -82.1 101.4 0.974
16.439 -1.0 0.0 0.1 0.9 -82.1 101.3 0.973
16.539 -1.0 0.0 0.1 0.9 -82.2 101.2 0.972
16.638 -1.0 0.0 0.1 0.7 -82.3 101.2 0.970
16.844 -1.0 -0.0 0.1 0.4 -82.4 101.2 0.960
16.941 -1.0 -0.0 0.1 0.3 -82.5 101.3 0.974
17.04 -1.0 -0.0 0.1 0.2 -82.6 101.1 0.973
17.144 -1.0 -0.0 0.1 -0.0 -82.7 101.1 0.976
17.239 -1.0 0.0 0.1 -0.2 -82.8 101.1 0.972
17.339 -1.0 -0.0 0.1 -0.2 -82.9 100.9 0.972
17.44 -1.0 -0.0 0.1 -0.1 -83.0 100.6 0.977
17.54 -1.0 0.0 0.1 0.0 -83.0 100.5 0.968
17.641 -1.0 -0.0 0.1 -0.0 -83.1 100.4 0.979
17.84 -1.0 -0.0 0.1 0.3 -83.1 100.1 0.973
17.936 -1.0 0.0 0.1 0.6 -83.1 99.9 0.978
18.042 -1.0 0.0 0.1 0.9 -83.0 99.8 0.975
18.137 -1.0 0.0 0.1 1.1 -82.8 99.9 0.974
18.24 -1.0 0.1 0.1 1.7 -82.6 99.8 0.994
18.337 -1.0 0.0 0.1 1.5 -82.7 100.0 0.984
18.438 -1.0 0.1 0.1 1.7 -82.6 99.9 0.967
18.536 -1.0 0.0 0.1 1.9 -82.5 99.7 0.976
18.638 -1.0 0.0 0.1 2.2 -82.4 99.5 0.970
18.835 -1.0 0.1 0.1 2.9 -81.8 99.4 0.978
18.94 -1.0 0.1 0.1 3.6 -81.3 99.2 0.991
19.035 -1.0 0.1 0.1 4.5 -80.4 98.7 0.965
19.137 -1.0 0.1 0.1 4.7 -80.3 98.2 0.981
19.236 -1.0 0.1 0.1 4.8 -80.4 98.0 0.969
19.338 -1.0 0.1 0.1 4.8 -80.5 97.7 0.982
19.435 -1.0 0.1 0.1 4.9 -80.8 97.2 0.969
19.54 -0.9 0.1 0.1 5.0 -80.9 96.9 0.961
19.636 -1.0 0.1 0.1 4.9 -81.0 96.8 0.969
19.839 -1.0 0.1 0.1 5.1 -80.6 97.2 0.978
19.936 -1.0 0.1 0.1 5.1 -80.4 97.3 0.972
20.036 -1.0 0.1 0.1 5.0 -80.4 97.3 0.967
20.138 -1.0 0.1 0.1 5.0 -80.4 97.2 0.970
20.238 -1.0 0.1 0.1 5.0 -80.5 97.0 0.981
20.336 -1.0 0.1 0.1 4.7 -80.7 97.2 0.971
20.435 -1.0 0.1 0.1 4.5 -80.8 97.4 0.971
20.538 -0.9 0.1 0.1 4.3 -80.9 97.6 0.963
20.638 -1.0 0.1 0.1 4.0 -81.2 97.8 0.965
20.838 -1.0 0.0 0.1 3.3 -81.8 97.8 0.970
20.934 -1.0 0.0 0.1 2.9 -82.1 97.9 0.972
21.035 -1.0 0.0 0.1 2.3 -82.6 98.0 0.973
21.136 -1.0 0.0 0.1 1.5 -83.3 98.1 0.962
21.232 -1.0 -0.0 0.1 0.8 -83.7 98.3 0.962
21.334 -1.0 -0.0 0.1 0.1 -84.0 98.6 0.970
21.433 -1.0 -0.0 0.1 -0.5 -84.3 98.7 0.973
21.536 -1.0 -0.0 0.1 -0.8 -84.3 98.9 0.980
21.633 -1.0 -0.0 0.1 -1.1 -84.2 99.3 0.967
21.836 -1.0 -0.0 0.1 -1.4 -84.1 99.7 0.973
21.934 -1.0 -0.0 0.1 -1.4 -84.1 99.7 0.966
22.035 -1.0 -0.0 0.1 -1.3 -84.1 99.7 0.969
22.134 -1.0 -0.0 0.1 -1.2 -84.0 99.7 0.968
22.232 -1.0 0.0 0.1 -1.3 -83.6 100.0 1.018
22.333 -0.9 -0.2 0.1 -1.9 -82.1 101.7 0.912
22.434 -0.9 -0.1 0.1 -2.0 -81.7 103.1 0.960
22.534 -1.0 0.0 0.2 -1.1 -81.4 104.7 0.999
22.634 -1.0 0.0 0.2 -0.5 -81.0 106.1 0.983
22.831 -1.0 0.0 0.2 0.2 -80.4 107.7 0.968
22.935 -1.0 0.0 0.1 0.8 -80.2 107.8 0.980
23.036 -1.0 0.0 0.1 1.3 -79.8 108.0 1.003
23.135 -1.0 -0.1 0.1 0.1 -79.7 109.1 0.995
23.233 -1.0 -0.1 0.1 -2.2 -79.5 112.3 1.012
23.331 -0.9 -0.0 0.2 -5.1 -78.4 117.9 0.908
23.434 -0.9 0.1 0.3 -6.6 -77.9 121.4 0.974
23.536 -0.9 -0.0 0.3 -7.1 -78.0 121.7 0.913
23.632 -1.0 -0.2 0.2 -6.4 -79.4 119.0 1.027
23.832 -1.0 -0.0 0.0 -3.8 -81.5 114.2 1.000
23.933 -1.0 -0.2 -0.1 -3.6 -84.0 104.0 1.009
24.034 -1.0 -0.2 -0.1 -4.0 -85.5 98.3 0.976
24.132 -1.0 -0.1 -0.1 -3.0 -87.0 91.9 0.995
24.232 -1.0 -0.1 -0.1 -3.4 -85.6 87.5 1.015
24.332 -1.0 -0.0 -0.1 -3.4 -85.9 87.0 1.036
24.432 -1.0 -0.2 -0.1 -3.0 -87.0 95.6 1.024
24.53 -1.0 0.2 0.0 -2.9 -86.6 104.6 0.984
24.631 -0.9 -0.0 0.1 -2.1 -86.4 123.5 0.941
24.833 -1.0 -0.0 0.1 -1.9 -85.8 155.9 0.983
24.931 -1.0 -0.1 0.1 -1.9 -85.7 155.5 0.960
25.036 -1.0 0.1 0.1 -2.2 -87.0 165.6 0.974
25.131 -1.0 0.0 -0.0 -1.8 -88.1 73.1 1.041
25.233 -0.9 -0.1 -0.1 -1.5 -88.4 87.0 0.961
25.334 -1.0 -0.1 -0.0 -1.4 -88.6 90.5 0.965
25.43 -1.0 -0.0 -0.0 -1.0 -89.0 90.3 0.976
25.53 -1.0 -0.1 0.0 -0.9 -89.1 90.3 0.981
25.633 -1.0 -0.0 -0.0 -1.1 -88.8 88.9 0.956
25.833 -0.9 -0.1 -0.1 -2.0 -87.6 88.5 0.935
25.931 -1.0 0.0 -0.0 -3.8 -84.4 85.7 1.001
26.032 -1.0 -0.1 -0.1 -5.5 -81.1 84.6 1.021
26.132 -1.0 -0.2 -0.2 -5.9 -81.0 87.2 1.009
26.228 -1.0 -0.1 -0.2 -6.6 -82.1 91.0 0.982
26.332 -1.0 0.0 -0.2 -6.5 -82.8 92.6 0.975
26.432 -1.0 -0.2 -0.1 -7.3 -82.4 94.7 1.013
26.53 -1.0 -0.2 0.1 -9.1 -80.9 98.9 1.067
26.629 -0.9 -0.2 0.2 -9.2 -80.7 101.0 0.918
26.832 -0.9 -0.3 0.2 -8.9 -78.4 105.8 0.962
26.927 -0.9 -0.2 0.2 -9.1 -76.6 108.4 0.942
27.031 -0.9 -0.1 0.2 -8.7 -75.3 110.5 0.944
27.131 -0.9 -0.1 0.2 -8.1 -74.4 111.9 0.913
27.229 -0.9 -0.0 0.3 -7.6 -74.8 112.1 0.942
27.329 -0.9 -0.1 0.3 -6.7 -76.4 110.5 0.965
27.431 -0.9 -0.1 0.3 -5.9 -78.1 108.5 0.961
27.53 -0.9 -0.1 0.3 -5.3 -79.9 106.3 0.961
27.629 -0.8 -0.2 0.3 -5.1 -81.0 104.7 0.866
27.833 -0.8 -0.1 -0.3 -3.8 -84.3 100.0 0.860
27.927 -1.0 0.0 -0.1 -3.7 -86.2 95.2 0.972
28.03 -1.0 -0.1 -0.1 -3.3 -86.2 89.8 1.008
28.126 -1.0 -0.1 -0.1 -4.0 -85.0 87.0 1.046
28.23 -1.0 -0.0 -0.0 -4.3 -85.7 91.5 0.987
28.326 -0.9 -0.1 -0.0 -3.4 -86.4 97.5 0.916
28.427 -1.0 -0.0 0.0 -2.7 -86.6 101.5 0.958
28.529 -0.9 -0.1 0.1 -1.6 -86.3 108.2 0.949
28.628 -1.0 0.0 0.1 -0.5 -85.7 114.0 0.973
28.829 -1.0 0.0 0.1 0.8 -84.7 115.3 0.977
28.928 -1.0 -0.0 0.1 1.0 -84.4 114.2 0.974
29.03 -1.0 -0.0 0.1 1.2 -84.0 113.3 0.967
29.129 -1.0 -0.0 0.1 1.3 -83.4 113.4 0.980
29.224 -1.0 0.0 0.1 1.4 -82.5 114.2 0.971
29.325 -0.9 -0.1 0.1 1.0 -81.5 115.1 0.910
29.436 -0.7 -0.1 0.1 -1.4 -80.7 116.1 0.695
29.526 -0.9 -0.1 0.2 -6.6 -77.1 121.8 0.933
29.626 -0.9 -0.4 -0.0 -13.5 -73.7 121.0 0.952
29.829 -0.7 -0.7 -0.1 -24.7 -65.4 115.3 0.962
29.926 -2.0 -1.1 -0.1 -19.3 -70.6 104.9 2.290
30.125 -1.3 0.8 0.3 6.7 -68.2 113.0 1.507
30.224 -0.5 -0.3 0.1 2.8 -70.5 120.1 0.536
30.323 -0.8 0.8 0.8 11.2 -65.2 130.6 1.410
30.429 -0.9 0.4 0.5 14.3 -62.6 132.2 1.113
30.524 -0.9 0.3 0.5 15.7 -61.4 134.6 1.076
30.724 -0.9 0.3 0.5 6.6 -67.8 123.1 1.042
30.828 -0.9 -0.3 0.3 -2.3 -75.2 112.0 0.987
30.926 -0.9 -0.0 -0.1 -7.9 -81.9 100.1 0.933
31.13 -1.1 -0.3 -0.4 -14.2 -69.6 94.7 1.262
31.229 -1.2 -0.5 -0.4 -21.5 -62.3 98.9 1.335
31.325 -0.8 -0.6 -0.3 -26.9 -59.5 104.2 1.044
31.426 -0.7 -0.5 -0.4 -29.2 -58.3 106.9 0.992
31.523 -0.8 -0.6 -0.3 -32.6 -55.8 111.1 1.087
31.627 -0.7 -0.5 -0.2 -35.2 -53.0 111.1 0.846
31.726 -0.7 -0.4 -0.2 -36.1 -51.9 110.4 0.853
31.826 -0.7 -0.4 -0.2 -36.6 -51.5 110.9 0.826
31.925 -0.6 -0.5 -0.3 -37.0 -50.3 108.6 0.807
32.124 -0.7 -0.7 -0.2 -41.9 -43.8 107.1 1.006
32.224 -0.7 -0.7 -0.2 -44.4 -41.7 109.2 1.045
32.324 -0.6 -0.6 -0.1 -45.6 -40.6 109.2 0.899
32.425 -0.6 -0.7 -0.2 -44.9 -41.1 108.6 0.946
32.522 -0.7 -0.7 -0.3 -44.5 -41.2 107.4 0.988
32.623 -0.7 -0.7 -0.3 -44.2 -41.3 105.5 1.026
32.725 -0.7 -0.7 -0.3 -44.0 -41.5 103.6 0.991
32.821 -0.6 -0.7 -0.3 -43.5 -42.1 101.7 0.993
32.922 -0.6 -0.7 -0.3 -43.2 -42.7 99.6 0.973
33.122 -0.7 -0.6 -0.3 -42.8 -43.8 95.2 0.951
33.222 -0.7 -0.7 -0.3 -41.7 -44.9 92.9 1.010
33.324 -0.7 -0.6 -0.2 -40.8 -46.0 90.8 0.958
33.422 -0.7 -0.6 -0.2 -40.1 -46.9 90.5 0.972
33.522 -0.7 -0.7 -0.3 -39.7 -47.2 91.4 1.016
33.626 -0.7 -0.6 -0.2 -39.7 -47.3 92.4 0.973
33.725 -0.7 -0.7 -0.2 -39.7 -47.3 93.9 0.988
33.826 -0.7 -0.6 -0.2 -39.9 -47.1 95.1 0.967
33.927 -0.7 -0.6 -0.2 -39.9 -47.1 95.5 0.976
34.125 -0.7 -0.6 -0.2 -39.9 -47.1 96.0 0.974
34.223 -0.7 -0.6 -0.2 -40.0 -47.0 95.4 0.984
34.321 -0.7 -0.6 -0.2 -40.0 -47.1 95.2 0.980
34.422 -0.7 -0.6 -0.2 -40.0 -47.0 95.6 0.977
34.523 -0.7 -0.6 -0.2 -40.1 -46.9 96.0 0.971
34.622 -0.7 -0.6 -0.2 -40.2 -46.9 96.5 0.974
34.721 -0.7 -0.6 -0.2 -40.2 -46.9 96.9 0.980
34.82 -0.7 -0.6 -0.2 -40.2 -46.9 97.0 0.980
34.926 -0.7 -0.6 -0.2 -40.1 -47.0 96.8 0.976
35.128 -0.7 -0.6 -0.2 -40.0 -47.0 96.6 0.979
35.221 -0.7 -0.6 -0.2 -40.1 -46.9 96.3 0.987
35.32 -0.7 -0.6 -0.2 -40.1 -47.0 95.9 0.978
35.419 -0.7 -0.6 -0.2 -40.0 -47.1 95.6 0.974
35.521 -0.7 -0.6 -0.2 -39.9 -47.2 95.7 0.978
