MPU6050 - 04/15/2018 22:57:06
0.082 -0.7 -0.7 -0.2 -42.4 -46.0 115.4 0.961
0.185 -0.6 -0.7 -0.2 -42.8 -45.0 112.4 0.992
0.282 -0.7 -0.7 -0.2 -42.5 -45.0 110.5 0.993
0.382 -0.7 -0.6 -0.2 -40.4 -46.9 107.7 0.975
0.483 -0.8 -0.5 -0.1 -37.4 -50.3 106.6 0.979
0.68 -0.9 -0.6 -0.1 -31.6 -58.3 115.6 1.076
0.78 -0.8 -0.3 0.1 -25.9 -64.0 119.4 0.831
0.881 -0.9 -0.4 0.1 -19.9 -69.2 121.1 1.023
0.983 -0.9 -0.3 0.1 -16.2 -71.5 122.5 0.958
1.079 -0.9 -0.2 0.3 -13.3 -72.5 124.2 0.945
1.18 -1.0 -0.1 0.3 -11.0 -73.9 122.9 1.005
1.279 -0.9 -0.2 0.3 -9.4 -74.9 119.4 0.930
1.381 -0.9 -0.3 0.3 -9.3 -75.7 116.3 0.984
1.483 -0.9 -0.2 0.2 -9.9 -76.4 114.8 0.970
1.684 -1.3 -0.0 -0.6 -10.8 -79.2 102.7 1.465
1.779 -0.9 -0.0 0.0 -11.2 -78.8 103.0 0.929
1.877 -0.8 0.1 -0.0 -8.0 -82.0 97.1 0.806
1.979 -0.9 -0.1 -0.3 -7.5 -82.5 98.5 0.976
2.077 -0.9 -0.4 0.2 -9.0 -80.2 104.5 1.017
2.179 -0.9 -0.1 0.1 -10.1 -79.0 106.9 0.957
2.282 -0.9 -0.1 0.2 -10.4 -77.8 110.8 0.972
2.379 -0.9 -0.2 0.2 -10.0 -77.0 113.8 0.931
2.477 -0.8 -0.2 0.2 -9.4 -77.0 114.7 0.888
2.679 -0.9 -0.2 0.2 -7.5 -78.6 113.5 0.991
2.78 -0.6 -0.2 0.2 -7.9 -80.0 109.9 0.680
2.877 -1.3 -0.7 -1.9 -7.9 -82.1 95.9 2.366
2.98 -0.8 -0.1 0.1 -8.3 -81.5 102.6 0.836
3.076 -0.7 0.2 -0.0 -8.2 -81.9 97.0 0.695
3.178 -1.1 -0.2 -0.1 -8.9 -81.1 97.5 1.099
3.28 -1.0 0.0 -0.1 -7.9 -82.1 98.9 0.988
3.377 -1.0 -0.1 -0.1 -7.3 -82.4 100.1 0.981
3.477 -0.9 -0.2 -0.1 -8.7 -80.9 102.3 0.963
3.682 -0.8 -0.3 0.3 -11.1 -76.5 110.7 0.924
3.777 -0.9 -0.2 0.3 -11.5 -74.2 115.4 0.959
3.88 -0.9 -0.1 0.3 -11.6 -72.6 118.5 0.979
3.98 -0.9 -0.1 0.3 -11.1 -71.2 121.0 0.979
4.081 -0.9 -0.2 0.3 -10.6 -69.8 122.7 0.936
4.18 -0.9 -0.2 0.3 -10.5 -68.4 124.8 1.003
4.279 -0.8 -0.2 0.3 -11.0 -67.2 126.8 0.846
4.376 0.3 -0.2 0.4 -13.4 -67.2 126.9 0.500
4.481 -0.9 -0.2 0.9 -13.7 -66.1 128.0 1.241
4.679 -0.8 -0.1 0.3 -13.3 -68.7 127.3 0.861
4.778 -1.0 -0.2 0.4 -13.4 -68.7 127.7 1.045
4.875 -0.8 -0.2 0.3 -13.1 -69.6 126.8 0.917
4.978 -0.9 -0.1 0.3 -12.5 -71.4 123.8 0.927
5.078 -1.0 -0.2 0.2 -11.1 -73.7 119.2 1.004
5.183 -0.9 -0.2 0.1 -10.4 -75.6 115.2 0.941
5.277 -0.9 -0.3 -0.1 -10.4 -78.4 109.0 0.969
5.377 -0.7 0.5 0.0 -10.5 -79.2 96.4 0.828
5.48 -1.4 -0.0 -0.2 -8.8 -79.0 88.4 1.441
5.675 -1.2 -0.1 -0.3 -6.4 -77.9 80.2 1.260
5.774 -0.9 -0.1 -0.3 -5.0 -79.0 81.3 0.893
5.874 -1.0 -0.1 -0.2 -5.1 -79.1 82.2 1.009
5.978 -1.0 -0.0 -0.2 -4.7 -80.8 84.6 0.991
6.074 -1.0 -0.0 -0.2 -5.0 -82.1 87.3 0.977
6.178 -1.0 -0.1 -0.2 -5.8 -83.4 91.6 0.972
6.273 -1.0 -0.2 -0.2 -7.4 -82.7 97.0 0.997
6.377 -0.9 -0.2 0.7 -10.7 -77.8 108.5 1.123
6.48 -1.0 -0.0 0.3 -9.2 -76.8 113.1 1.017
6.68 -1.1 -0.2 0.5 -10.5 -70.7 122.5 1.163
6.774 -0.7 -0.2 0.3 -10.7 -69.7 124.0 0.826
6.876 -0.9 -0.3 0.4 -11.4 -68.8 125.0 1.005
6.978 -0.9 -0.2 0.4 -11.0 -68.9 125.4 0.982
7.074 -0.8 -0.2 0.3 -10.7 -69.3 125.3 0.877
7.175 -0.9 -0.2 0.4 -10.4 -70.5 124.1 0.944
7.272 -0.8 -0.1 0.4 -9.3 -72.6 121.7 0.926
7.372 -0.9 -0.2 0.3 -8.0 -75.1 117.6 0.956
7.475 -1.3 -0.0 -0.0 -6.6 -77.8 113.1 1.306
7.678 -1.0 0.0 -0.1 -6.4 -83.1 99.5 1.029
7.773 -1.0 -0.0 -0.1 -4.8 -85.3 94.2 1.005
7.873 -1.0 -0.0 -0.1 -3.9 -85.6 91.8 0.973
7.975 -1.0 -0.1 -0.1 -2.4 -87.0 90.6 0.977
8.073 -1.0 -0.0 -0.1 -1.6 -87.5 89.6 0.969
8.178 -1.0 -0.0 -0.1 -1.2 -87.0 88.3 0.979
8.273 -1.0 -0.0 -0.1 -1.5 -86.1 87.7 0.982
8.374 -1.0 -0.0 -0.1 -2.2 -85.4 88.0 0.992
8.472 -1.0 -0.0 -0.1 -2.8 -85.4 88.9 0.985
8.674 -1.0 -0.0 -0.1 -4.8 -85.1 93.6 0.995
8.769 -1.0 -0.3 0.1 -6.1 -83.7 97.9 1.049
8.876 -1.0 -0.2 0.1 -8.2 -81.4 101.4 1.000
8.972 -0.9 -0.2 0.2 -9.4 -78.6 107.9 0.949
9.077 -0.9 -0.2 0.2 -10.4 -75.7 114.2 0.915
9.172 -0.9 -0.2 0.3 -10.7 -73.5 119.6 0.933
9.277 -0.9 -0.2 0.3 -10.8 -72.0 123.3 0.953
9.373 -0.9 -0.2 0.3 -10.8 -71.1 125.5 0.957
9.476 -0.9 -0.2 0.3 -11.2 -70.4 126.6 0.953
9.673 -0.9 -0.2 0.3 -11.8 -70.8 124.6 0.939
9.771 -0.9 -0.2 0.3 -11.9 -72.1 121.8 0.977
9.876 -0.9 -0.3 0.2 -13.2 -73.4 117.6 0.923
9.971 -0.8 -0.3 0.1 -15.6 -73.6 112.3 0.893
10.071 -1.5 -0.6 -0.3 -18.6 -71.2 105.4 1.640
10.174 -0.8 -0.3 -0.2 -23.7 -65.0 105.9 0.908
10.275 -0.9 -0.5 -0.2 -27.2 -60.9 106.5 0.996
10.372 -0.8 -0.4 -0.2 -30.1 -57.7 107.4 0.945
10.471 -0.8 -0.5 -0.2 -32.3 -55.2 108.2 1.004
10.674 -0.8 -0.6 -0.2 -32.8 -54.4 108.5 0.975
10.772 -0.7 -0.6 -0.2 -32.4 -54.2 108.0 0.980
10.868 -0.8 -0.6 -0.3 -32.5 -53.1 106.3 1.023
10.97 -0.8 -0.6 -0.3 -32.1 -53.0 105.5 0.989
11.07 -0.8 -0.5 -0.3 -32.1 -52.9 105.8 0.991
11.169 -0.8 -0.5 -0.3 -32.4 -52.8 106.5 0.983
11.271 -0.8 -0.5 -0.3 -32.5 -52.9 106.5 0.973
11.373 -0.8 -0.5 -0.3 -32.4 -53.0 106.4 0.982
11.472 -0.8 -0.5 -0.3 -32.1 -53.1 106.4 0.975
11.669 -0.8 -0.5 -0.3 -32.2 -52.9 107.0 0.990
11.774 -0.8 -0.5 -0.3 -32.3 -52.8 107.5 0.977
11.87 -0.8 -0.5 -0.3 -32.5 -52.6 107.9 0.972
11.973 -0.8 -0.5 -0.3 -32.7 -52.5 107.9 0.973
12.071 -0.8 -0.5 -0.3 -32.7 -52.5 107.9 0.978
12.168 -0.8 -0.5 -0.3 -32.7 -52.6 108.0 0.971
12.269 -0.8 -0.5 -0.3 -32.7 -52.8 108.0 0.972
12.374 -0.8 -0.5 -0.3 -32.6 -52.9 108.0 0.981
12.468 -0.8 -0.5 -0.3 -32.5 -53.1 108.0 0.976
12.667 -0.8 -0.5 -0.2 -32.5 -53.2 108.0 0.969
12.77 -0.8 -0.5 -0.3 -32.3 -53.3 108.0 0.973
