MPU6050 - 04/15/2018 22:48:09
0.011 -0.7 -0.7 -0.2 -41.6 -44.7 93.5 0.982
0.11 -0.7 -0.6 -0.2 -41.7 -44.7 93.3 0.979
0.213 -0.7 -0.6 -0.2 -41.6 -44.7 93.3 0.975
0.313 -0.7 -0.7 -0.2 -41.5 -44.8 93.3 0.981
0.411 -0.7 -0.7 -0.2 -41.4 -44.9 93.4 0.979
0.51 -0.7 -0.6 -0.3 -41.3 -44.9 93.3 0.974
0.71 -0.7 -0.7 -0.3 -40.7 -45.4 92.9 0.986
0.811 -0.7 -0.6 -0.3 -39.9 -45.7 90.7 0.977
0.911 -0.7 -0.7 -0.3 -38.3 -46.6 87.4 1.029
1.01 -0.7 -0.6 -0.3 -36.7 -48.4 87.3 0.964
1.111 -0.7 -0.6 -0.3 -35.4 -50.3 88.6 1.024
1.212 -0.7 -0.6 -0.3 -34.3 -52.6 90.8 1.000
1.313 -0.8 -0.5 -0.1 -33.2 -55.2 96.6 0.963
1.412 -0.8 -0.4 -0.1 -31.9 -57.5 104.7 0.942
1.512 -1.0 -0.3 0.0 -27.8 -62.1 109.6 1.011
1.712 -0.9 -0.3 0.0 -13.6 -75.7 117.0 0.999
1.81 -0.9 -0.3 0.0 -10.5 -77.4 117.8 0.928
1.91 -0.9 -0.1 0.2 -7.5 -78.7 117.7 0.933
2.009 -1.0 -0.0 0.3 -5.5 -79.4 115.8 1.038
2.107 -0.9 0.1 0.3 -2.2 -79.4 112.7 0.930
2.208 -1.1 -0.2 0.1 0.1 -79.5 107.3 1.073
2.307 -0.9 0.1 0.2 1.1 -80.1 104.6 0.932
2.413 -0.9 -0.0 0.1 2.2 -80.7 101.2 0.940
2.506 -1.0 0.0 0.1 2.4 -81.7 99.0 1.015
2.709 -1.0 0.1 0.1 2.3 -82.5 97.2 0.989
2.811 -1.0 0.1 0.1 2.0 -83.4 95.9 0.981
2.907 -1.0 0.0 0.1 1.7 -83.8 95.4 0.970
3.009 -1.0 0.0 0.1 1.6 -83.8 95.4 0.971
3.105 -1.0 0.0 0.1 1.6 -83.7 95.6 0.973
3.208 -1.0 0.0 0.1 1.8 -83.4 95.7 0.969
3.308 -1.0 0.0 0.1 2.0 -83.1 96.0 0.972
3.405 -1.0 0.1 0.1 2.4 -82.6 96.1 0.976
3.507 -1.0 0.0 0.1 3.0 -81.9 96.1 0.969
3.709 -1.0 0.0 0.1 3.2 -81.4 96.4 0.964
3.808 -1.0 0.0 0.1 3.1 -81.3 96.6 0.971
3.908 -1.0 0.0 0.1 3.0 -81.3 96.8 0.979
4.006 -1.0 0.0 0.1 2.8 -81.3 97.1 0.982
4.106 -1.0 0.0 0.1 2.6 -81.2 97.5 0.969
4.208 -1.0 0.1 0.2 2.5 -81.2 97.9 0.974
4.31 -1.0 0.0 0.1 2.4 -81.2 98.1 0.973
4.405 -1.0 0.0 0.1 2.5 -81.2 98.2 0.970
4.505 -1.0 0.1 0.2 2.5 -81.2 98.3 0.973
4.713 -1.0 -0.0 0.2 1.9 -81.3 98.8 0.996
4.807 -1.0 0.0 0.2 1.2 -82.0 99.0 1.016
4.906 -1.0 -0.1 0.2 0.5 -82.5 99.7 1.010
5.005 -1.0 0.1 0.1 0.4 -82.6 100.6 1.033
5.106 -1.0 -0.0 0.1 0.8 -82.8 100.2 0.987
5.205 -1.0 -0.0 0.1 -0.0 -83.8 100.0 0.958
5.305 -1.0 0.0 0.1 -1.0 -85.1 98.8 0.970
5.409 -1.0 -0.0 0.0 -1.2 -86.3 96.6 0.963
5.509 -1.0 0.0 -0.0 -0.9 -87.8 93.8 0.968
5.703 -1.0 0.0 0.0 -0.6 -88.6 92.3 0.988
5.809 -1.0 -0.1 0.0 -0.7 -87.9 93.4 0.986
5.908 -1.0 -0.0 0.0 -1.6 -87.2 94.9 0.952
6.008 -1.0 -0.0 0.0 -2.3 -87.2 94.8 0.971
6.106 -1.0 -0.0 0.1 -2.5 -86.8 95.5 0.980
6.203 -1.0 -0.0 0.1 -2.1 -86.8 95.7 0.965
6.307 -1.0 -0.0 0.0 -1.6 -86.8 95.5 0.968
6.406 -1.0 -0.0 0.0 -1.2 -86.8 95.5 0.973
6.502 -1.0 -0.0 0.1 -0.9 -86.6 95.6 0.972
6.709 -1.0 -0.0 0.1 -0.9 -86.4 96.0 0.972
6.805 -1.0 -0.0 0.1 -1.1 -86.6 95.7 0.964
6.907 -1.0 -0.1 0.0 -1.5 -86.9 95.3 0.967
7.006 -1.0 -0.1 -0.0 -2.1 -87.1 94.8 0.999
7.104 -1.0 -0.2 -0.0 -4.2 -85.8 95.2 1.023
7.203 -1.0 -0.1 -0.1 -8.9 -81.0 97.1 0.981
7.305 -1.0 -0.2 -0.0 -15.0 -74.3 100.0 0.973
7.405 -0.9 -0.3 -0.1 -21.2 -67.0 101.9 1.002
7.504 -0.9 -0.5 -0.2 -26.5 -60.6 104.6 1.068
7.704 -0.8 -0.5 -0.2 -32.2 -55.1 110.1 0.964
7.804 -0.8 -0.6 -0.2 -34.5 -52.5 112.0 0.969
7.908 -0.8 -0.5 -0.2 -36.8 -50.1 113.4 0.977
8.008 -0.8 -0.5 -0.2 -38.1 -48.7 113.8 0.959
8.103 -0.7 -0.6 -0.2 -38.8 -47.8 113.4 0.988
8.206 -0.7 -0.6 -0.2 -38.9 -47.8 113.6 0.978
8.308 -0.7 -0.7 -0.2 -39.2 -48.1 115.0 0.986
8.402 -0.7 -0.6 -0.2 -39.1 -49.0 116.1 0.969
8.503 -0.7 -0.6 -0.2 -38.5 -50.0 116.5 0.953
8.703 -0.7 -0.6 -0.2 -37.8 -50.9 116.7 0.965
8.802 -0.7 -0.6 -0.2 -37.9 -51.0 117.3 0.990
8.908 -0.7 -0.6 -0.2 -37.8 -51.1 117.4 0.980
9.002 -0.7 -0.6 -0.1 -37.7 -51.2 117.6 0.986
9.104 -0.8 -0.6 -0.1 -37.7 -51.3 117.8 0.977
9.201 -0.8 -0.6 -0.1 -37.7 -51.3 117.8 0.978
9.302 -0.8 -0.6 -0.1 -37.6 -51.4 117.8 0.973
9.4 -0.8 -0.6 -0.1 -37.5 -51.6 117.9 0.974
9.504 -0.8 -0.6 -0.1 -36.8 -52.2 117.4 0.979
9.708 -0.8 -0.6 -0.1 -35.1 -53.7 114.5 0.977
9.802 -0.8 -0.6 -0.1 -35.4 -53.4 115.0 0.989
9.905 -0.8 -0.5 -0.1 -35.5 -53.4 115.3 0.971
10.002 -0.8 -0.6 -0.1 -35.4 -53.6 115.5 0.973
10.1 -0.8 -0.6 -0.1 -35.5 -53.5 116.0 0.974
10.2 -0.8 -0.6 -0.1 -35.7 -53.4 116.2 0.974
10.3 -0.8 -0.6 -0.1 -35.9 -53.3 116.3 0.974
10.401 -0.8 -0.6 -0.1 -36.0 -53.1 116.3 0.970
10.502 -0.8 -0.6 -0.1 -36.1 -53.0 116.2 0.981
10.7 -0.8 -0.6 -0.1 -36.2 -52.9 116.3 0.977
10.801 -0.8 -0.6 -0.1 -36.2 -53.0 116.4 0.978
10.9 -0.8 -0.6 -0.1 -36.2 -53.0 116.5 0.974
10.999 -0.8 -0.6 -0.1 -36.2 -53.0 116.5 0.973
11.098 -0.8 -0.6 -0.1 -36.1 -53.0 116.6 0.972
11.206 -0.8 -0.6 -0.1 -36.1 -53.1 116.6 0.979
11.299 -0.8 -0.6 -0.1 -36.1 -53.1 116.6 0.976
11.399 -0.8 -0.6 -0.1 -36.1 -53.1 116.7 0.978
11.499 -0.8 -0.6 -0.1 -36.1 -53.1 116.7 0.980
11.703 -0.8 -0.6 -0.1 -36.1 -53.1 116.8 0.974
11.797 -0.8 -0.6 -0.1 -36.2 -53.0 116.8 0.978
11.901 -0.8 -0.6 -0.1 -36.2 -53.0 116.8 0.978
11.998 -0.8 -0.6 -0.1 -36.1 -53.1 116.9 0.971
12.098 -0.8 -0.6 -0.1 -36.1 -53.1 116.9 0.972
12.201 -0.8 -0.6 -0.1 -36.1 -53.1 116.8 0.978
12.298 -0.8 -0.6 -0.1 -36.1 -53.1 116.8 0.975
12.397 -0.8 -0.6 -0.1 -36.1 -53.1 116.7 0.980
12.499 -0.8 -0.6 -0.1 -36.1 -53.1 116.8 0.979
12.702 -0.8 -0.6 -0.1 -36.1 -53.1 116.8 0.978
12.798 -0.8 -0.6 -0.1 -36.1 -53.1 116.9 0.977
12.896 -0.8 -0.6 -0.1 -36.1 -53.1 116.8 0.978
12.999 -0.8 -0.6 -0.1 -36.0 -53.2 116.7 0.980
13.097 -0.8 -0.6 -0.1 -36.1 -53.1 116.7 0.976
13.199 -0.8 -0.6 -0.1 -36.0 -53.2 116.7 0.976
13.3 -0.8 -0.6 -0.1 -36.0 -53.2 116.7 0.975
13.397 -0.8 -0.6 -0.1 -36.0 -53.2 116.7 0.977
13.499 -0.8 -0.6 -0.1 -36.0 -53.2 116.7 0.978
13.695 -0.8 -0.6 -0.1 -36.0 -53.2 116.8 0.974
13.801 -0.8 -0.6 -0.1 -36.0 -53.2 116.7 0.979
13.896 -0.8 -0.6 -0.1 -36.1 -53.1 116.8 0.976
14 -0.8 -0.6 -0.1 -36.1 -53.1 116.8 0.975
14.095 -0.8 -0.6 -0.1 -36.1 -53.1 116.9 0.976
14.197 -0.8 -0.6 -0.1 -36.2 -53.0 116.8 0.976
14.296 -0.8 -0.6 -0.1 -36.3 -52.8 116.7 0.975
14.397 -0.7 -0.5 -0.2 -36.5 -52.4 115.9 0.930
14.509 -0.7 -0.6 -0.2 -36.9 -51.2 113.0 1.000
14.696 -0.7 -0.6 -0.3 -36.0 -50.4 106.0 0.971
14.798 -0.7 -0.6 -0.3 -35.8 -50.3 104.0 0.976
14.897 -0.7 -0.6 -0.2 -36.2 -49.4 102.0 0.954
15 -0.8 -0.5 -0.2 -36.4 -48.7 98.9 0.987
15.096 -0.8 -0.6 -0.2 -36.5 -48.7 97.9 0.980
15.196 -0.7 -0.6 -0.2 -36.1 -49.1 97.2 0.979
15.294 -0.7 -0.6 -0.2 -36.0 -49.1 96.3 0.975
15.401 -0.7 -0.6 -0.3 -35.8 -49.3 95.5 0.991
15.494 -0.8 -0.6 -0.3 -35.7 -49.3 95.3 0.983
15.698 -0.7 -0.6 -0.3 -35.8 -49.1 96.3 0.981
15.795 -0.7 -0.6 -0.3 -35.9 -48.9 97.1 0.976
15.893 -0.7 -0.6 -0.3 -36.0 -48.8 98.1 0.971
15.996 -0.7 -0.6 -0.3 -36.1 -48.7 98.7 0.981
16.093 -0.7 -0.6 -0.3 -35.9 -48.9 99.0 0.975
16.194 -0.7 -0.6 -0.3 -35.7 -49.1 99.3 0.978
16.293 -0.7 -0.6 -0.3 -35.6 -49.3 99.7 0.979
16.393 -0.7 -0.5 -0.3 -35.6 -49.3 99.9 0.972
16.493 -0.7 -0.6 -0.3 -35.6 -49.3 100.3 0.982
16.694 -0.7 -0.6 -0.3 -35.4 -49.4 99.7 0.985
16.794 -0.7 -0.8 -0.3 -35.6 -48.9 98.6 1.071
16.892 -0.7 -0.6 -0.3 -34.8 -49.9 96.4 0.985
16.993 -0.8 -0.5 -0.3 -34.1 -51.5 97.1 0.981
17.093 -0.9 -0.5 -0.3 -31.9 -55.0 99.9 1.043
17.199 -0.8 -0.4 -0.1 -28.9 -59.1 101.2 0.947
17.295 -0.9 -0.4 -0.1 -23.9 -64.9 100.6 1.016
17.398 -1.0 -0.1 -0.1 -18.5 -70.6 98.6 0.979
17.493 -0.9 -0.4 -0.1 -13.3 -76.0 96.3 0.957
17.692 -0.9 -0.1 0.0 -3.4 -86.3 95.7 0.928
17.794 -1.0 0.1 0.1 0.5 -84.8 96.6 0.994
17.892 -0.9 -0.0 0.1 2.3 -82.6 97.0 0.943
17.988 -0.9 0.0 0.1 3.3 -81.2 97.2 0.959
18.089 -0.9 0.1 0.2 3.7 -80.5 97.6 0.964
18.195 -0.9 0.1 0.2 3.9 -80.1 97.9 0.960
18.293 -1.0 0.1 0.2 4.0 -80.0 97.9 0.976
18.39 -1.0 0.1 0.2 3.7 -80.1 97.9 0.983
18.492 -1.0 0.1 0.2 3.2 -80.5 97.7 0.988
18.695 -1.0 0.0 0.1 1.5 -81.8 98.8 0.962
18.789 -1.0 0.1 0.1 1.4 -81.9 99.4 0.965
18.891 -0.9 0.1 0.1 1.5 -82.0 99.3 0.956
18.99 -1.0 0.1 0.1 1.7 -82.3 98.5 0.979
19.093 -1.0 0.0 0.1 1.6 -82.8 97.5 0.962
19.188 -1.0 0.1 0.1 1.8 -83.4 95.9 0.977
19.293 -1.0 0.0 0.1 1.8 -84.2 94.4 0.981
19.388 -1.0 0.0 0.1 1.7 -84.9 93.3 0.971
19.491 -1.0 0.0 0.1 1.7 -85.3 92.5 0.966
19.692 -1.0 0.0 0.0 1.4 -85.8 92.3 0.972
19.789 -1.0 0.0 0.1 1.2 -85.8 92.6 0.973
19.892 -1.0 0.0 0.1 1.0 -86.0 92.7 0.970
19.988 -1.0 0.0 0.1 0.7 -86.3 92.7 0.973
20.087 -1.0 0.0 0.1 0.3 -86.6 92.9 0.975
20.192 -1.0 0.0 0.0 -0.2 -86.9 93.0 0.977
20.288 -1.0 -0.0 0.0 -0.7 -87.4 92.9 0.977
20.389 -1.0 -0.0 0.0 -1.0 -88.0 92.5 0.993
20.487 -1.0 0.0 0.0 -1.2 -88.5 92.0 0.984
20.689 -1.0 -0.0 -0.0 -1.5 -88.4 91.1 0.965
20.788 -1.0 -0.0 -0.0 -1.4 -88.1 90.6 0.967
20.887 -1.0 -0.0 -0.1 -1.6 -87.3 90.5 0.966
20.988 -1.0 -0.0 -0.1 -1.6 -86.8 90.1 0.963
21.088 -1.0 -0.0 -0.1 -1.5 -86.3 89.9 0.978
21.188 -1.0 -0.0 -0.1 -1.7 -85.7 89.9 0.968
21.291 -1.0 -0.0 -0.1 -1.7 -85.5 89.8 0.970
21.391 -1.0 -0.0 -0.1 -1.6 -85.7 89.8 0.958
21.489 -1.0 -0.0 -0.1 -1.5 -85.7 89.7 0.971
21.69 -1.0 -0.0 -0.1 -1.6 -85.3 89.6 0.972
21.789 -1.0 -0.0 -0.1 -1.7 -85.1 89.6 0.965
21.888 -1.0 -0.0 -0.1 -1.7 -85.1 89.6 0.968
21.987 -1.0 -0.0 -0.1 -1.6 -85.1 89.6 0.968
22.19 -1.0 -0.0 -0.1 -1.8 -85.2 89.8 0.965
22.287 -1.0 -0.0 -0.1 -1.7 -85.2 89.7 0.964
22.388 -1.0 -0.0 -0.1 -1.6 -85.2 89.7 0.964
22.487 -1.0 -0.0 -0.1 -1.7 -85.3 89.7 0.963
22.591 -1.0 -0.0 -0.1 -1.6 -85.3 89.7 0.972
22.688 -1.0 -0.0 -0.1 -1.6 -85.4 89.7 0.968
22.887 -1.0 -0.0 -0.1 -1.5 -85.4 89.7 0.969
22.988 -1.0 -0.0 -0.1 -1.4 -85.5 89.6 0.969
23.091 -1.0 -0.0 -0.1 -1.4 -85.5 89.5 0.971
23.192 -1.0 -0.0 -0.1 -1.3 -85.5 89.5 0.969
23.391 -1.0 -0.0 -0.1 -1.2 -85.6 89.4 0.968
23.488 -1.0 -0.0 -0.1 -1.2 -85.7 89.4 0.971
23.587 -1.0 -0.0 -0.1 -1.1 -85.7 89.4 0.976
23.69 -1.0 -0.0 -0.1 -1.1 -85.7 89.4 0.973
23.789 -1.0 -0.0 -0.1 -1.1 -85.7 89.4 0.966
23.89 -1.0 -0.0 -0.1 -1.2 -85.7 89.4 0.967
23.988 -1.0 -0.0 -0.1 -1.3 -85.7 89.5 0.973
24.09 -1.0 -0.0 -0.1 -1.3 -85.6 89.5 0.974
24.187 -1.0 -0.0 -0.1 -1.3 -85.5 89.5 0.969
24.387 -1.0 -0.0 -0.1 -1.5 -85.1 89.5 0.970
24.486 -1.0 -0.0 -0.1 -1.5 -84.9 89.4 0.971
24.587 -1.0 -0.0 -0.1 -1.6 -84.8 89.4 0.981
24.688 -1.0 -0.0 -0.1 -1.6 -84.8 89.5 0.974
24.788 -1.0 -0.0 -0.1 -1.7 -84.9 89.6 0.968
24.887 -1.0 -0.0 -0.1 -1.8 -85.1 89.7 0.976
24.987 -1.0 -0.1 -0.1 -2.0 -85.0 90.0 0.969
25.086 -1.0 0.0 -0.1 -2.3 -84.0 89.6 0.970
25.187 -1.0 -0.1 -0.2 -2.1 -83.1 89.0 0.989
25.392 -1.0 -0.0 -0.1 -0.7 -88.1 89.7 0.960
25.482 -0.9 -0.0 -0.1 -0.6 -88.4 91.7 0.894
25.585 -1.0 -0.1 -0.1 -2.6 -85.7 95.3 1.019
25.681 -0.8 -0.0 0.1 -4.2 -83.1 98.9 0.774
25.79 -1.1 -0.1 0.3 -5.9 -82.3 101.1 1.110
25.882 -0.9 -0.2 0.2 -7.5 -79.3 106.4 0.959
25.985 -0.9 -0.1 0.3 -8.3 -76.6 111.9 0.936
26.081 -0.9 -0.0 0.3 -7.5 -74.8 114.9 0.981
26.182 -0.9 -0.1 0.3 -7.0 -73.2 116.0 0.933
26.383 -1.0 -0.1 0.3 -6.2 -74.2 113.3 1.004
26.481 -0.9 -0.1 0.2 -6.3 -75.1 111.5 0.948
26.581 -0.9 -0.2 0.2 -6.4 -76.6 109.5 0.957
26.68 -0.9 -0.1 0.2 -5.9 -78.4 107.2 0.941
26.782 -1.0 -0.1 0.1 -6.1 -79.8 105.3 1.044
26.882 -1.0 -0.1 0.1 -6.0 -80.3 104.5 0.971
26.981 -1.0 -0.0 0.1 -5.2 -80.8 103.8 0.978
27.081 -1.0 -0.1 0.1 -5.0 -80.6 103.6 0.984
27.181 -1.1 -0.1 0.2 -5.1 -79.3 105.1 1.084
27.383 -1.0 -0.1 0.2 -6.3 -76.9 109.4 1.005
27.481 -0.9 -0.1 0.2 -7.1 -75.2 112.1 0.937
27.582 -0.9 -0.1 0.3 -6.6 -74.4 113.2 0.951
27.681 -1.0 -0.0 0.3 -5.7 -75.2 112.1 1.004
27.78 -0.9 -0.1 0.2 -4.9 -75.9 110.1 0.974
27.881 -0.9 -0.1 0.2 -4.7 -76.8 108.6 0.952
27.979 -1.0 -0.1 0.2 -4.3 -78.4 106.7 0.980
28.08 -1.0 -0.1 0.2 -4.3 -80.3 104.7 1.012
28.181 -1.0 -0.2 0.0 -5.8 -82.2 102.1 0.999
28.386 -0.6 -0.3 -0.1 -15.5 -74.1 100.7 0.695
28.48 -0.5 -0.4 -0.1 -21.3 -64.9 94.6 0.695
28.586 -0.8 -0.5 -0.3 -26.6 -54.2 85.9 0.977
28.679 -0.6 -0.5 -0.3 -30.8 -41.9 74.4 0.793
28.78 -0.5 -0.4 -0.4 -34.2 -27.2 65.2 0.720
28.881 -0.3 -0.3 -0.3 -34.4 -12.3 61.1 0.537
28.979 -0.6 -0.4 -0.7 -28.4 -4.8 61.2 0.994
29.081 -0.0 0.2 -1.2 -21.9 -21.2 66.9 1.228
29.179 -1.1 0.3 -1.6 -8.7 -41.7 76.5 1.928
29.378 -0.7 0.2 -0.8 16.0 -61.0 73.4 1.126
29.481 -0.5 0.3 -0.6 20.5 -57.8 70.9 0.838
29.578 -0.7 0.5 -0.6 22.9 -51.9 69.0 1.030
29.678 -0.5 0.5 -0.5 23.0 -46.8 67.6 0.839
29.779 -0.5 0.6 -0.5 19.0 -43.8 68.2 0.908
29.878 -0.6 0.2 -0.7 15.2 -43.7 67.5 0.900
29.976 -1.4 0.4 -0.2 9.4 -50.2 67.6 1.450
30.077 -1.5 -0.1 -0.5 4.7 -64.5 74.0 1.577
30.178 -1.2 0.0 -0.2 -5.6 -73.1 86.7 1.257
30.383 -1.0 -0.3 -0.2 -18.8 -68.3 101.7 1.073
30.478 -0.9 -0.3 -0.1 -22.2 -66.0 105.4 0.996
30.579 -0.7 -0.5 -0.2 -24.2 -64.2 107.2 0.900
30.678 -0.6 -0.3 -0.1 -27.9 -60.0 108.8 0.658
30.777 -0.5 -0.4 -0.1 -31.9 -55.8 110.5 0.600
30.878 -0.7 -0.4 -0.1 -35.0 -53.0 112.3 0.773
30.978 -0.7 -0.5 -0.1 -37.6 -50.3 112.6 0.902
31.078 -0.8 -0.6 -0.1 -39.4 -48.1 112.0 1.004
31.179 -0.8 -0.6 -0.2 -40.6 -46.3 110.6 0.992
31.38 -0.6 -0.6 -0.3 -41.3 -44.8 107.8 0.928
31.478 -0.7 -0.5 -0.3 -41.5 -44.3 105.5 0.922
31.578 -0.6 -0.7 -0.3 -40.8 -44.6 103.2 0.983
31.677 -0.6 -0.7 -0.3 -40.9 -44.3 102.9 0.990
31.779 -0.6 -0.7 -0.3 -40.8 -44.6 103.5 0.992
31.877 -0.7 -0.6 -0.3 -40.4 -45.4 104.7 0.974
31.976 -0.7 -0.6 -0.3 -40.0 -46.5 106.2 0.974
32.077 -0.7 -0.6 -0.2 -39.8 -47.2 107.5 0.980
32.177 -0.7 -0.6 -0.2 -40.0 -47.4 108.6 0.983
32.377 -0.7 -0.7 -0.2 -40.5 -47.4 110.5 1.034
32.478 -0.7 -0.6 -0.1 -40.5 -47.7 112.0 0.982
32.576 -0.7 -0.7 -0.2 -40.0 -48.3 112.0 0.980
32.682 -0.7 -0.6 -0.2 -40.1 -48.3 112.8 0.976
32.777 -0.7 -0.6 -0.2 -39.7 -48.8 112.4 0.989
32.875 -0.7 -0.6 -0.2 -39.6 -49.0 112.8 0.967
32.976 -0.8 -0.6 -0.2 -39.5 -49.2 112.9 0.979
33.079 -0.7 -0.6 -0.2 -39.4 -49.2 113.3 0.977
33.175 -0.7 -0.6 -0.1 -39.6 -49.2 113.8 0.979
33.375 -0.7 -0.6 -0.1 -39.4 -49.4 114.0 0.975
33.476 -0.7 -0.6 -0.1 -39.3 -49.5 114.0 0.977
33.574 -0.7 -0.6 -0.1 -39.4 -49.3 114.0 0.982
33.676 -0.7 -0.6 -0.1 -39.7 -49.1 113.8 0.977
33.776 -0.7 -0.6 -0.1 -39.7 -49.0 113.8 0.976
33.876 -0.7 -0.6 -0.2 -39.6 -49.1 114.0 0.976
33.979 -0.7 -0.6 -0.1 -39.6 -49.1 114.5 0.976
34.075 -0.7 -0.6 -0.2 -39.7 -49.0 114.6 0.977
34.174 -0.7 -0.6 -0.2 -39.6 -49.1 114.9 0.979
34.376 -0.7 -0.6 -0.2 -39.8 -49.0 115.5 0.975
34.473 -0.7 -0.6 -0.1 -39.9 -48.9 115.6 0.978
34.575 -0.7 -0.6 -0.1 -39.8 -49.0 115.6 0.976
34.674 -0.7 -0.6 -0.1 -39.9 -49.0 115.7 0.978
34.776 -0.7 -0.6 -0.1 -39.8 -49.1 115.8 0.975
34.873 -0.7 -0.6 -0.1 -39.7 -49.2 115.8 0.974
34.975 -0.7 -0.6 -0.1 -39.7 -49.2 115.8 0.975
35.072 -0.7 -0.6 -0.1 -39.8 -49.1 115.8 0.982
