MPU6050 - 04/15/2018 22:53:50
0.054 -0.7 -0.6 -0.2 -41.7 -45.2 108.3 0.980
0.153 -0.7 -0.7 -0.2 -41.8 -45.2 108.5 0.980
0.352 -0.7 -0.7 -0.2 -41.9 -45.1 108.4 0.979
0.452 -0.7 -0.7 -0.2 -41.9 -45.1 108.4 0.979
0.553 -0.7 -0.7 -0.2 -41.8 -45.2 108.4 0.983
0.653 -0.7 -0.7 -0.2 -41.8 -45.2 108.5 0.976
0.753 -0.7 -0.7 -0.2 -41.7 -45.2 108.4 0.974
0.852 -0.7 -0.7 -0.2 -41.5 -44.8 107.7 0.952
0.952 -0.6 -0.7 -0.4 -40.5 -44.3 104.6 1.036
1.051 -0.7 -0.6 -0.3 -39.7 -45.0 103.3 0.965
1.155 -0.6 -0.7 -0.4 -39.8 -45.3 103.6 0.981
1.354 -0.7 -0.5 -0.2 -42.2 -43.7 101.9 0.867
1.452 -0.8 -0.5 -0.2 -43.4 -41.9 98.9 1.000
1.551 -0.8 -0.6 -0.3 -43.9 -41.0 97.5 1.027
1.65 -0.7 -0.7 -0.3 -44.3 -41.0 98.9 1.019
1.75 -0.7 -0.7 -0.3 -44.4 -41.5 99.0 0.996
1.851 -0.7 -0.7 -0.2 -43.8 -42.6 100.1 0.962
1.951 -0.7 -0.7 -0.2 -43.7 -42.9 101.2 0.968
2.05 -0.7 -0.7 -0.2 -43.7 -43.0 102.2 0.987
2.15 -0.6 -0.7 -0.3 -43.3 -43.3 102.7 0.974
2.35 -0.7 -0.7 -0.2 -42.5 -44.0 102.3 0.977
2.45 -0.7 -0.7 -0.3 -42.4 -44.2 102.0 0.986
2.551 -0.7 -0.7 -0.2 -42.7 -44.1 102.5 0.982
2.652 -0.7 -0.7 -0.2 -43.0 -43.8 103.4 0.981
2.75 -0.7 -0.7 -0.3 -43.1 -43.5 103.4 0.992
2.851 -0.7 -0.7 -0.3 -43.2 -43.4 104.0 0.993
2.949 -0.7 -0.7 -0.3 -43.3 -43.3 104.8 0.985
3.05 -0.7 -0.7 -0.3 -43.5 -43.2 105.3 0.989
3.149 -0.7 -0.7 -0.2 -43.8 -43.0 105.6 0.986
3.351 -0.7 -0.7 -0.2 -43.7 -43.4 105.8 0.967
3.45 -0.7 -0.7 -0.2 -43.3 -43.7 104.6 0.985
3.55 -0.7 -0.7 -0.2 -43.4 -43.8 104.0 0.978
3.65 -0.7 -0.7 -0.2 -43.5 -43.8 103.8 0.985
3.749 -0.7 -0.7 -0.2 -43.4 -44.0 103.8 0.975
3.851 -0.7 -0.7 -0.2 -43.4 -44.3 103.9 0.969
3.95 -0.7 -0.7 -0.2 -43.3 -44.3 103.9 0.974
4.048 -0.7 -0.7 -0.2 -43.3 -44.3 103.8 0.978
4.15 -0.7 -0.7 -0.2 -43.2 -44.5 104.0 0.976
4.352 -0.7 -0.7 -0.2 -43.2 -44.7 104.9 0.973
4.45 -0.7 -0.7 -0.2 -43.2 -44.6 104.9 0.977
4.547 -0.7 -0.7 -0.2 -43.2 -44.6 104.9 0.981
4.647 -0.7 -0.7 -0.2 -42.8 -44.9 104.8 0.980
4.747 -0.7 -0.7 -0.2 -42.8 -45.0 104.9 0.981
4.85 -0.7 -0.7 -0.2 -42.8 -45.0 105.1 0.978
4.949 -0.7 -0.7 -0.2 -42.9 -44.9 105.2 0.989
5.047 -0.7 -0.7 -0.2 -42.8 -45.1 104.8 0.973
5.148 -0.7 -0.7 -0.2 -42.7 -45.3 104.8 0.981
5.347 -0.7 -0.7 -0.2 -42.8 -45.2 105.3 0.979
5.447 -0.7 -0.7 -0.2 -42.9 -45.1 105.6 0.982
5.547 -0.7 -0.7 -0.2 -42.9 -45.1 105.8 0.980
5.647 -0.7 -0.7 -0.2 -42.9 -45.1 105.7 0.978
5.746 -0.7 -0.7 -0.2 -42.9 -45.1 105.6 0.973
5.849 -0.7 -0.7 -0.2 -42.9 -45.1 105.6 0.977
5.947 -0.7 -0.7 -0.2 -42.8 -45.1 105.6 0.981
6.046 -0.7 -0.7 -0.2 -42.8 -45.1 105.6 0.979
6.146 -0.7 -0.7 -0.2 -42.8 -45.2 105.6 0.979
6.346 -0.7 -0.7 -0.2 -42.7 -45.2 105.7 0.985
6.447 -0.7 -0.7 -0.2 -42.7 -45.2 105.7 0.985
6.545 -0.7 -0.7 -0.2 -42.7 -45.2 105.5 0.980
6.647 -0.7 -0.7 -0.2 -42.8 -45.1 105.5 0.981
6.745 -0.7 -0.7 -0.2 -42.9 -45.0 105.5 0.977
6.846 -0.7 -0.7 -0.2 -42.9 -44.9 105.3 0.980
6.944 -0.7 -0.7 -0.2 -42.9 -45.0 105.3 0.977
7.045 -0.7 -0.7 -0.2 -42.9 -44.9 105.2 0.980
7.145 -0.7 -0.7 -0.2 -42.9 -44.8 104.7 0.974
7.349 -0.6 -0.7 -0.2 -42.8 -44.5 100.9 0.975
7.443 -0.6 -0.7 -0.2 -42.9 -44.2 99.9 0.990
7.549 -0.6 -0.7 -0.2 -42.6 -44.6 101.1 0.982
7.646 -0.7 -0.6 -0.1 -41.3 -46.5 104.4 0.935
7.743 -0.8 -0.5 -0.2 -38.5 -49.9 106.4 0.989
7.844 -0.8 -0.5 -0.1 -35.9 -52.9 108.8 0.935
7.946 -0.9 -0.3 -0.1 -31.1 -57.6 104.4 1.003
8.045 -0.9 -0.4 -0.1 -25.2 -63.8 101.8 0.986
8.144 -0.9 -0.3 0.0 -19.2 -70.4 102.0 0.973
8.347 -0.9 -0.3 0.1 -9.6 -80.0 104.2 0.943
8.444 -1.0 -0.1 0.2 -8.0 -80.8 104.5 0.983
8.542 -0.9 -0.2 0.1 -7.5 -81.2 103.8 0.952
8.646 -0.9 -0.2 0.2 -6.8 -81.6 102.8 0.926
8.742 -1.0 -0.2 0.1 -6.4 -81.8 102.2 1.060
8.844 -1.5 0.1 -0.2 -6.0 -83.0 100.3 1.468
8.944 -1.0 -0.1 -0.1 -5.2 -84.1 97.9 1.055
9.044 -1.0 -0.1 -0.1 -5.9 -84.1 95.5 1.013
9.148 -1.0 -0.0 -0.0 -5.9 -83.9 94.7 0.991
9.343 -1.0 -0.2 0.0 -10.0 -80.0 100.6 1.031
9.443 -0.9 -0.2 -0.0 -14.6 -75.3 105.8 0.971
9.543 -0.9 -0.2 0.1 -19.9 -70.0 112.2 0.968
9.642 -0.9 -0.3 -0.0 -29.7 -60.3 121.5 0.921
9.742 -0.6 -0.4 -0.2 -43.1 -47.0 132.8 0.734
9.843 -0.5 -0.6 -0.1 -57.1 -32.3 143.9 0.820
9.943 -0.1 -0.9 -0.1 -67.5 -20.8 153.0 0.949
10.041 -0.1 -0.7 -0.2 -72.3 -15.3 156.7 0.712
10.142 -0.4 -0.3 -0.4 -71.6 -17.7 157.5 0.643
10.341 -1.2 -1.6 0.5 -53.9 -34.5 163.1 2.053
10.442 -0.5 -0.7 0.6 -50.8 -35.9 176.9 0.992
10.542 -0.5 -0.7 0.5 -51.1 -33.9 -173.1 0.933
10.642 -0.4 -0.6 0.4 -51.0 -33.3 -171.6 0.837
10.743 -0.4 -0.5 0.4 -50.1 -34.0 -174.3 0.789
10.843 -0.4 -0.7 0.5 -48.7 -36.8 175.7 0.901
10.941 -0.7 -0.6 0.2 -45.1 -43.1 154.4 0.949
11.055 -1.1 -1.0 -0.2 -39.1 -50.8 133.7 1.471
11.143 -1.2 -1.0 -0.4 -37.9 -52.0 123.7 1.594
11.339 -0.8 -0.4 -0.1 -36.4 -53.3 119.1 0.931
11.441 -0.8 -0.4 -0.1 -34.1 -55.6 116.8 0.892
11.544 -0.7 -0.4 -0.1 -31.7 -57.9 113.4 0.858
11.642 -0.7 -0.4 -0.0 -28.7 -61.1 112.0 0.809
11.739 -0.6 -0.2 -0.1 -24.9 -64.8 108.6 0.634
11.84 -0.8 -0.4 -0.2 -25.3 -64.1 107.5 0.877
11.941 -0.7 -0.4 -0.2 -26.7 -62.3 106.6 0.788
12.043 -0.8 -0.5 -0.1 -29.6 -59.4 109.1 0.956
12.139 -0.8 -0.5 -0.1 -32.8 -55.9 110.8 0.982
12.341 -0.7 -0.9 -0.2 -37.1 -50.3 111.1 1.140
12.44 -0.6 -0.7 -0.2 -39.1 -48.0 110.6 0.988
12.542 -0.7 -0.7 -0.2 -41.8 -45.4 110.1 0.955
12.64 -0.7 -0.7 -0.2 -44.1 -43.0 109.0 0.985
12.739 -0.6 -0.6 -0.1 -45.9 -41.3 110.2 0.830
12.842 -0.7 -1.1 -0.3 -46.4 -39.7 106.2 1.297
12.938 -0.6 -0.6 -0.2 -47.6 -38.9 105.8 0.922
13.038 -0.6 -0.7 -0.3 -47.3 -38.8 103.3 0.973
13.139 -0.6 -0.7 -0.3 -47.0 -39.2 103.1 0.973
13.343 -0.6 -0.7 -0.3 -46.7 -39.1 104.2 0.993
13.438 -0.6 -0.7 -0.3 -46.2 -39.5 104.9 0.999
13.538 -0.6 -0.7 -0.3 -46.3 -39.6 105.2 0.973
13.64 -0.6 -0.7 -0.3 -46.0 -39.9 105.7 0.984
13.738 -0.7 -0.7 -0.3 -45.4 -40.6 106.2 0.982
13.838 -0.6 -0.6 -0.3 -44.2 -41.6 105.5 0.904
13.938 -0.6 -0.8 -0.4 -42.7 -42.7 103.0 1.086
14.038 -0.6 -0.5 -0.3 -41.8 -43.5 99.7 0.847
14.14 -0.8 -0.8 -0.3 -40.6 -44.4 96.9 1.140
14.337 -0.7 -0.6 -0.3 -39.9 -45.0 93.5 0.975
14.444 -0.7 -0.6 -0.3 -39.1 -45.5 91.5 0.981
14.536 -0.7 -0.7 -0.3 -39.8 -44.6 90.9 0.969
14.637 -0.7 -0.5 -0.3 -39.8 -44.4 89.1 0.930
14.736 -0.7 -0.6 -0.3 -39.2 -44.8 87.2 0.957
14.836 -0.7 -0.6 -0.3 -38.3 -45.7 88.5 0.971
14.939 -0.7 -0.6 -0.3 -38.0 -46.0 88.4 0.980
15.038 -0.7 -0.6 -0.3 -37.4 -46.5 88.2 0.970
15.138 -0.7 -0.6 -0.3 -37.0 -46.6 88.7 0.980
15.337 -0.7 -0.6 -0.4 -36.8 -46.2 88.6 0.998
15.441 -0.7 -0.6 -0.4 -37.0 -45.8 88.4 0.993
15.535 -0.7 -0.6 -0.4 -37.0 -45.7 87.4 0.993
15.639 -0.7 -0.6 -0.3 -37.1 -45.6 86.3 0.961
15.735 -0.7 -0.6 -0.3 -36.9 -45.9 85.5 0.982
15.838 -0.7 -0.6 -0.4 -36.7 -46.0 84.7 0.981
15.936 -0.7 -0.6 -0.4 -36.5 -46.0 84.1 0.987
16.037 -0.7 -0.6 -0.3 -36.5 -45.9 84.0 0.967
16.142 -0.7 -0.6 -0.4 -36.5 -45.9 84.6 0.978
16.336 -0.7 -0.6 -0.4 -36.7 -45.8 85.5 0.978
16.438 -0.7 -0.6 -0.4 -36.8 -45.7 86.2 0.980
16.536 -0.7 -0.6 -0.3 -36.8 -45.8 86.8 0.959
16.636 -0.7 -0.6 -0.4 -36.8 -45.9 86.8 0.974
16.734 -0.7 -0.6 -0.4 -36.8 -46.0 86.5 0.988
