MPU6050 - 04/15/2018 22:56:46
0.011 -0.7 -0.6 -0.3 -35.1 -49.0 107.3 0.977
0.111 -0.7 -0.6 -0.3 -34.9 -49.2 107.0 0.975
0.312 -0.7 -0.6 -0.3 -34.7 -49.5 106.5 0.978
0.411 -0.7 -0.6 -0.3 -34.7 -49.5 106.4 0.982
0.511 -0.7 -0.6 -0.3 -34.6 -49.5 106.3 0.975
0.612 -0.7 -0.5 -0.3 -34.7 -49.5 106.2 0.973
0.716 -0.7 -0.5 -0.3 -34.6 -49.5 106.0 0.973
0.811 -0.7 -0.6 -0.3 -34.6 -49.6 105.9 0.978
0.909 -0.7 -0.6 -0.3 -34.7 -49.5 106.0 0.974
1.009 -0.7 -0.6 -0.3 -35.1 -49.1 106.2 0.993
1.111 -0.8 -0.6 -0.3 -35.0 -48.7 105.5 1.024
1.309 -0.8 -0.5 -0.3 -30.2 -54.2 103.8 0.977
1.41 -0.9 -0.4 -0.2 -25.9 -59.1 101.4 0.968
1.51 -0.8 -0.3 -0.2 -20.5 -64.7 98.0 0.943
1.613 -0.9 -0.3 -0.2 -15.4 -71.0 95.6 0.971
1.708 -0.9 -0.3 -0.2 -11.6 -75.8 94.0 0.991
1.815 -1.0 -0.2 -0.2 -10.3 -78.5 94.9 1.022
1.908 -0.9 -0.2 -0.1 -11.4 -78.2 97.5 0.959
2.008 -0.9 -0.3 -0.1 -13.7 -76.1 101.0 0.995
2.109 -1.2 0.2 0.1 -13.5 -76.6 103.8 1.267
2.31 -2.0 -0.9 -0.3 -13.2 -76.6 105.6 2.215
2.408 -2.0 -0.8 -0.2 -12.2 -77.4 105.8 2.165
2.51 1.2 0.1 -0.0 -10.7 -78.8 104.8 1.252
2.608 -0.0 -0.0 -0.0 -10.2 -79.2 104.4 0.037
2.708 0.1 -0.2 -0.0 -10.5 -78.7 105.6 0.229
2.809 -1.1 -0.6 -0.2 -13.7 -75.9 107.8 1.297
2.911 -2.0 -0.6 0.0 -9.6 -79.9 103.6 2.080
3.008 -0.1 -0.1 0.1 -12.6 -77.4 104.0 0.124
3.112 -0.3 -0.2 -0.0 -14.6 -75.4 104.7 0.390
3.308 -1.3 0.0 -0.1 -13.3 -76.6 105.8 1.312
3.407 -1.0 -0.2 0.0 -13.6 -76.2 107.3 1.021
3.51 -1.0 -0.2 0.0 -12.1 -77.5 106.8 0.966
3.609 -1.0 -0.1 0.1 -10.7 -78.8 105.8 0.981
3.707 -0.9 -0.2 0.0 -9.7 -79.8 104.2 0.946
3.809 -1.0 -0.2 0.1 -8.9 -80.7 102.5 1.001
3.905 -1.0 -0.1 0.0 -8.5 -81.2 101.8 0.982
4.01 -0.9 -0.1 0.1 -8.2 -81.1 102.7 0.936
4.105 -1.0 -0.1 0.1 -7.8 -81.2 103.2 0.963
4.306 -0.9 -0.3 -0.0 -6.9 -81.7 102.7 0.918
4.405 -0.1 0.2 0.2 -10.7 -79.1 103.8 0.344
4.507 -2.0 -0.2 0.6 -12.0 -76.8 109.4 2.101
4.607 -1.0 -0.4 -0.3 -8.8 -80.9 102.2 1.141
4.708 -0.1 0.3 0.1 -12.1 -77.7 105.2 0.387
4.806 0.4 -0.4 0.0 -9.6 -79.9 104.4 0.553
4.905 0.0 0.1 0.1 -10.8 -78.6 106.2 0.164
5.011 -2.0 -0.2 0.3 -13.9 -75.1 112.2 2.031
5.105 -2.0 0.0 -0.1 -8.1 -80.9 104.7 2.003
5.306 -0.9 -0.1 0.2 -13.4 -76.1 108.4 0.910
5.404 -1.0 0.0 -0.0 -11.3 -78.4 104.9 1.023
5.508 -1.0 -0.1 0.0 -10.9 -78.7 105.0 0.968
5.604 -0.9 -0.0 0.1 -9.9 -79.6 104.8 0.942
5.708 -1.0 -0.1 0.1 -9.0 -80.2 104.7 0.971
5.803 -1.0 -0.1 0.1 -8.2 -80.9 103.8 0.970
5.904 -1.0 -0.1 0.1 -7.7 -81.3 103.5 0.985
6.006 -1.0 -0.1 0.1 -6.8 -81.4 103.8 0.973
6.105 -1.0 -0.1 0.1 -5.9 -81.8 103.6 0.970
6.304 -1.0 -0.1 0.1 -4.9 -82.8 102.1 1.006
6.405 -0.9 -0.1 0.1 -5.3 -82.4 102.9 0.954
6.504 -0.9 -0.0 0.1 -5.1 -82.0 104.0 0.950
6.606 -1.0 -0.1 0.1 -5.2 -82.1 103.9 0.975
6.704 -1.0 -0.1 0.1 -5.5 -81.8 104.5 0.968
6.809 -1.0 -0.0 0.1 -5.3 -81.8 104.4 0.963
6.904 -0.9 -0.0 0.1 -4.4 -82.2 103.0 0.941
7.007 -0.8 -0.2 0.0 -5.1 -82.3 102.0 0.799
7.103 -0.6 0.2 0.0 -6.9 -82.7 99.9 0.644
7.305 -2.0 -0.4 0.3 -8.3 -79.9 104.5 2.060
7.402 0.6 -0.0 0.1 -6.1 -81.4 102.1 0.575
7.504 -0.6 0.1 0.0 -9.3 -79.9 103.3 0.573
7.603 0.0 -0.1 0.0 -8.3 -80.1 104.0 0.063
7.702 0.0 -0.1 0.0 -8.6 -78.9 106.3 0.105
7.802 -2.0 -1.1 0.1 -10.4 -76.1 110.8 2.297
7.905 -1.1 0.2 0.2 -4.4 -78.3 105.1 1.177
8.001 0.1 -0.2 -0.1 -5.7 -79.3 103.8 0.233
8.103 -0.7 -0.1 0.3 -7.3 -78.2 105.6 0.797
8.305 -1.0 -0.0 0.2 -3.9 -80.0 102.7 0.996
8.402 -1.0 0.0 0.1 -3.1 -80.7 101.9 0.979
8.504 -1.0 0.0 0.1 -2.9 -81.9 100.8 0.971
8.6 -1.0 -0.0 0.0 -3.3 -83.7 98.4 0.997
8.702 -1.0 0.0 0.0 -4.2 -84.8 97.0 0.992
8.803 -1.0 -0.1 -0.0 -6.1 -83.8 97.1 0.983
8.903 -1.0 -0.1 0.0 -8.7 -81.1 100.4 0.983
9.002 -1.0 -0.2 -0.1 -12.0 -77.9 103.3 1.003
9.101 -0.9 -0.2 -0.0 -17.1 -72.9 106.4 0.936
9.303 -0.9 -0.4 -0.1 -26.1 -63.5 111.3 0.965
9.403 -0.9 -0.5 -0.0 -30.0 -59.5 112.4 1.003
9.502 -0.8 -0.5 0.0 -33.7 -55.7 113.7 0.979
9.602 -0.8 -0.6 -0.0 -36.1 -53.0 112.1 0.994
9.7 -0.7 -0.6 -0.1 -36.7 -51.7 107.9 0.894
9.802 -0.7 -0.8 -0.2 -37.4 -49.9 103.3 1.072
9.903 -0.7 -0.6 -0.2 -38.0 -49.1 102.0 1.003
10.001 -0.8 -0.6 -0.3 -37.2 -49.7 100.3 1.032
10.101 -0.7 -0.7 -0.2 -37.5 -49.8 101.7 0.999
10.302 -0.8 -0.6 -0.3 -36.5 -50.8 102.8 0.998
10.402 -0.8 -0.6 -0.2 -36.8 -51.0 106.5 0.977
10.5 -0.8 -0.6 -0.2 -36.9 -51.0 108.5 0.980
10.602 -0.8 -0.6 -0.2 -37.0 -50.9 109.7 0.989
10.703 -0.8 -0.6 -0.2 -37.1 -51.0 110.6 0.967
10.802 -0.8 -0.5 -0.2 -36.2 -51.7 109.2 0.971
10.9 -0.8 -0.6 -0.2 -36.2 -51.7 109.7 0.978
11 -0.7 -0.7 -0.2 -37.4 -50.6 111.4 0.999
11.101 -0.8 -0.6 -0.2 -38.1 -50.0 111.7 0.978
