MPU6050 - 04/15/2018 22:46:33
0.102 -0.7 -0.9 -0.4 -43.8 -39.5 95.4 1.189
0.204 -0.8 -0.4 -0.2 -42.4 -41.9 95.6 0.967
0.406 -0.9 -0.2 -0.2 -34.1 -54.5 109.3 0.932
0.503 -0.8 -0.5 -0.2 -27.7 -61.5 108.3 0.971
0.602 -0.9 -0.6 -0.3 -21.1 -68.1 102.7 1.068
0.701 -1.0 -0.2 -0.2 -15.2 -73.4 95.9 1.015
0.8 -0.9 -0.2 -0.2 -10.6 -77.0 91.0 0.982
0.9 -1.0 -0.2 -0.2 -8.1 -79.5 89.9 0.984
1.004 -1.0 -0.1 -0.2 -6.6 -81.7 90.3 1.018
1.099 -1.0 0.1 -0.1 -4.4 -85.3 91.8 0.993
1.203 -1.1 -0.1 0.1 -3.2 -86.5 95.2 1.114
1.399 -1.0 -0.0 0.1 -2.9 -85.6 96.9 0.984
1.502 -1.0 -0.0 0.2 -2.1 -84.7 98.0 0.983
1.6 -0.9 -0.0 0.2 -1.4 -83.9 98.5 0.961
1.705 -1.0 -0.0 0.2 -1.2 -83.1 99.4 0.978
1.796 -0.9 -0.1 0.2 -1.9 -82.3 100.6 0.948
1.902 -1.0 -0.0 0.2 -2.6 -81.7 102.3 0.979
1.999 -1.0 0.0 0.2 -2.6 -81.6 103.5 0.974
2.101 -1.0 0.0 0.2 -1.9 -81.5 103.9 0.969
2.2 -0.9 -0.0 0.1 -1.1 -81.7 103.3 0.932
2.397 -1.0 0.0 0.1 -0.6 -81.9 102.4 0.968
2.501 -1.0 -0.0 0.1 -0.9 -82.1 101.8 0.978
2.598 -1.0 0.0 0.1 -0.8 -82.7 100.4 0.988
2.697 -0.9 -0.1 0.1 -1.0 -83.1 99.7 0.951
2.798 -1.0 -0.0 0.1 -0.9 -83.4 99.1 0.986
2.898 -1.0 -0.0 0.1 -0.9 -83.4 99.0 0.972
3.002 -1.0 -0.0 0.1 -1.0 -83.5 98.9 0.979
3.096 -1.0 0.0 0.1 -1.0 -83.6 98.8 0.986
3.199 -0.9 -0.0 0.1 -1.2 -83.4 98.8 0.957
3.401 -1.0 0.0 0.1 -0.7 -83.4 98.4 0.979
3.497 -1.0 -0.0 0.1 -0.7 -83.2 98.6 0.980
3.6 -1.0 -0.0 0.1 -0.8 -83.1 98.9 0.983
3.698 -1.0 -0.0 0.1 -0.9 -82.8 99.2 0.975
3.799 -1.0 -0.0 0.1 -1.0 -82.8 99.5 0.975
3.9 -1.0 -0.0 0.1 -0.9 -82.7 99.6 0.969
3.997 -1.0 0.0 0.1 -0.6 -82.8 99.4 0.975
4.097 -1.0 0.0 0.1 -0.2 -82.8 99.1 0.976
4.199 -1.0 0.0 0.1 -0.2 -82.6 99.3 0.988
4.395 -1.0 -0.0 0.1 0.3 -82.8 98.4 0.990
4.495 -1.0 0.0 0.1 0.5 -82.7 98.3 0.969
4.594 -1.0 0.0 0.1 0.7 -82.8 97.8 0.971
4.697 -1.0 0.0 0.1 0.9 -83.0 97.1 0.973
4.794 -1.0 -0.0 0.1 1.1 -82.9 96.6 0.963
4.896 -1.0 -0.0 0.1 1.6 -82.9 96.1 0.997
4.997 -1.0 0.1 0.1 1.1 -82.8 97.5 0.965
5.096 -1.0 0.1 0.1 1.2 -82.4 98.4 0.977
5.196 -0.9 0.0 0.1 1.5 -81.9 98.3 0.960
5.395 -1.0 0.0 0.1 1.5 -82.1 97.6 0.973
5.495 -1.0 0.0 0.1 1.5 -82.0 97.6 0.972
5.598 -1.0 0.0 0.1 1.4 -82.0 97.7 0.975
5.693 -1.0 0.0 0.1 1.3 -82.0 97.9 0.968
5.791 -1.0 0.0 0.1 1.4 -82.0 98.2 0.978
5.892 -1.0 0.0 0.1 1.4 -82.1 98.3 0.970
5.993 -1.0 0.0 0.1 1.4 -82.0 98.4 0.983
6.094 -1.0 0.0 0.1 1.3 -81.7 99.1 0.970
6.196 -1.0 0.0 0.1 1.3 -81.3 99.7 0.965
6.395 -1.0 0.0 0.2 1.5 -81.2 99.8 0.967
6.495 -1.0 0.0 0.1 1.7 -81.4 99.2 0.974
6.595 -0.9 0.0 0.1 1.6 -81.3 99.5 0.954
6.691 -1.0 0.0 0.2 1.5 -81.4 99.5 0.972
6.791 -1.0 0.0 0.1 1.3 -81.5 99.6 0.960
6.892 -1.0 0.0 0.1 1.5 -81.6 99.2 0.968
6.996 -1.0 0.0 0.1 1.5 -81.8 99.0 0.966
7.095 -1.0 0.0 0.1 1.7 -81.8 98.6 0.986
7.192 -1.0 0.0 0.1 1.7 -81.9 98.3 0.984
7.392 -1.0 0.0 0.1 1.4 -81.7 98.9 0.986
7.499 -0.9 0.0 0.2 1.6 -81.3 99.2 0.961
7.592 -1.0 0.0 0.1 1.6 -81.7 98.7 0.976
7.694 -1.0 0.0 0.1 1.4 -82.0 98.7 0.980
7.79 -1.0 0.0 0.1 1.5 -81.8 98.8 0.975
7.893 -1.0 0.0 0.1 1.6 -81.5 99.1 0.962
7.991 -1.0 0.0 0.2 1.6 -81.4 99.1 0.987
8.094 -1.0 0.0 0.1 1.3 -81.7 99.0 1.002
8.192 -0.9 -0.0 0.1 1.2 -81.5 99.0 0.943
8.39 -1.0 -0.0 0.1 0.5 -81.8 99.1 0.992
8.495 -1.0 -0.0 0.1 -0.7 -82.6 99.1 0.959
8.596 -0.9 -0.0 0.1 -2.3 -84.0 98.5 0.940
8.69 -0.9 -0.0 0.1 -4.8 -84.7 97.0 0.952
8.794 -1.0 -0.1 -0.0 -6.9 -83.0 95.5 0.965
8.891 -1.0 -0.3 -0.2 -9.2 -78.9 94.9 1.053
8.991 -0.9 -0.0 -0.2 -10.5 -75.7 95.0 0.960
9.094 -0.9 -0.2 -0.3 -11.9 -72.1 95.9 0.990
9.194 -1.0 -0.2 -0.3 -13.1 -69.2 96.8 1.012
9.393 -0.9 -0.4 -0.3 -17.2 -65.5 100.9 0.992
9.492 -0.9 -0.3 -0.3 -18.0 -64.1 101.6 0.974
9.592 -0.9 -0.3 -0.3 -19.5 -62.3 102.8 0.992
9.691 -0.9 -0.4 -0.3 -20.4 -61.0 103.4 0.999
9.791 -0.8 -0.4 -0.3 -21.1 -60.3 103.7 0.983
9.893 -0.8 -0.4 -0.3 -21.5 -59.5 103.6 0.971
9.991 -0.8 -0.4 -0.4 -21.4 -59.2 103.4 0.975
10.09 -0.8 -0.4 -0.4 -21.3 -59.1 103.3 0.976
10.19 -0.8 -0.4 -0.4 -21.2 -59.0 103.3 0.972
10.391 -0.8 -0.4 -0.4 -21.1 -58.9 103.5 0.966
10.49 -0.8 -0.3 -0.4 -21.1 -58.7 103.6 0.965
10.59 -0.8 -0.4 -0.4 -20.9 -58.8 103.5 0.973
10.692 -0.8 -0.3 -0.4 -20.6 -58.9 103.4 0.969
10.79 -0.8 -0.3 -0.4 -20.3 -58.9 103.1 0.974
10.89 -0.8 -0.3 -0.4 -20.0 -59.0 102.9 0.972
10.992 -0.8 -0.3 -0.4 -19.8 -59.0 102.7 0.974
11.087 -0.8 -0.3 -0.4 -19.6 -59.1 102.4 0.976
11.19 -0.8 -0.3 -0.4 -19.3 -59.2 102.1 0.978
11.39 -0.8 -0.3 -0.4 -18.8 -59.3 101.6 0.970
11.491 -0.8 -0.3 -0.4 -18.7 -59.4 101.4 0.979
11.588 -0.8 -0.3 -0.4 -18.5 -59.4 101.3 0.971
11.688 -0.8 -0.3 -0.4 -18.3 -59.6 101.2 0.968
11.787 -0.8 -0.3 -0.4 -18.1 -59.6 101.1 0.981
11.89 -0.8 -0.3 -0.4 -17.9 -59.7 101.0 0.973
11.987 -0.8 -0.3 -0.4 -17.8 -59.7 100.9 0.976
12.089 -0.8 -0.3 -0.4 -17.7 -59.8 100.8 0.969
12.189 -0.8 -0.3 -0.4 -17.4 -59.7 100.5 0.975
12.39 -0.8 -0.3 -0.4 -16.2 -60.1 99.6 0.974
12.488 -0.8 -0.3 -0.4 -15.9 -60.4 99.5 0.973
12.589 -0.8 -0.3 -0.4 -15.7 -60.5 99.3 0.966
12.687 -0.8 -0.3 -0.4 -15.4 -60.6 99.1 0.971
12.786 -0.8 -0.3 -0.4 -15.3 -60.7 98.9 0.971
12.888 -0.8 -0.3 -0.4 -15.2 -60.7 98.8 0.973
12.987 -0.8 -0.3 -0.4 -15.0 -60.8 98.7 0.976
13.088 -0.8 -0.3 -0.4 -14.9 -60.9 98.6 0.974
13.186 -0.9 -0.2 -0.4 -14.8 -60.9 98.4 0.972
13.389 -0.9 -0.2 -0.4 -14.6 -61.0 98.3 0.979
13.485 -0.9 -0.2 -0.4 -14.6 -61.0 98.3 0.972
13.589 -0.8 -0.2 -0.4 -14.5 -61.1 98.3 0.969
13.687 -0.8 -0.2 -0.4 -14.5 -61.1 98.3 0.968
13.785 -0.8 -0.2 -0.4 -14.4 -61.1 98.2 0.972
13.887 -0.8 -0.2 -0.4 -14.4 -61.1 98.2 0.971
13.988 -0.8 -0.2 -0.4 -14.4 -61.1 98.2 0.968
14.091 -0.8 -0.2 -0.4 -14.4 -61.1 98.2 0.968
14.186 -0.9 -0.2 -0.4 -14.4 -61.1 98.2 0.972
14.384 -0.9 -0.2 -0.4 -14.3 -61.2 98.2 0.973
14.485 -0.8 -0.2 -0.4 -14.2 -61.3 98.1 0.971
14.587 -0.8 -0.2 -0.4 -14.2 -61.3 98.1 0.968
14.687 -0.9 -0.2 -0.4 -14.2 -61.3 98.1 0.970
14.784 -0.9 -0.2 -0.4 -14.1 -61.3 98.0 0.972
14.885 -0.9 -0.2 -0.4 -14.1 -61.3 98.0 0.973
14.983 -0.8 -0.2 -0.4 -14.1 -61.3 98.0 0.967
15.088 -0.9 -0.2 -0.4 -14.1 -61.3 97.9 0.971
15.187 -0.9 -0.2 -0.4 -14.1 -61.3 97.8 0.974
15.385 -0.9 -0.2 -0.4 -14.0 -61.3 97.7 0.973
15.486 -0.9 -0.2 -0.4 -13.9 -61.4 97.7 0.969
15.585 -0.9 -0.2 -0.4 -13.8 -61.5 97.7 0.978
15.683 -0.9 -0.2 -0.4 -13.8 -61.5 97.6 0.972
15.783 -0.9 -0.2 -0.4 -13.8 -61.5 97.6 0.972
15.886 -0.9 -0.2 -0.4 -13.8 -61.5 97.6 0.974
15.987 -0.9 -0.2 -0.4 -13.8 -61.5 97.6 0.971
16.084 -0.9 -0.2 -0.4 -13.9 -61.5 97.6 0.969
16.184 -0.9 -0.2 -0.4 -13.9 -61.5 97.7 0.967
16.384 -0.8 -0.2 -0.4 -14.2 -61.3 97.6 0.970
16.485 -0.8 -0.2 -0.4 -14.3 -61.1 97.6 0.973
16.584 -0.9 -0.2 -0.4 -14.3 -61.2 97.6 0.973
16.685 -0.9 -0.2 -0.4 -14.2 -61.3 97.5 0.973
16.781 -0.9 -0.2 -0.4 -14.1 -61.5 97.4 0.966
16.884 -0.9 -0.2 -0.4 -13.9 -61.8 97.3 0.969
16.986 -0.9 -0.2 -0.4 -13.9 -61.9 97.4 0.971
17.085 -0.9 -0.2 -0.4 -13.8 -61.9 97.4 0.968
17.181 -0.9 -0.2 -0.4 -13.8 -61.9 97.4 0.975
17.385 -0.9 -0.2 -0.4 -13.5 -62.1 97.2 0.970
17.481 -0.9 -0.2 -0.4 -13.4 -62.0 97.2 0.973
17.581 -0.9 -0.2 -0.4 -13.3 -62.1 97.1 0.973
17.682 -0.9 -0.2 -0.4 -13.2 -62.6 97.1 0.979
17.781 -0.9 -0.2 -0.4 -12.8 -63.6 97.0 0.965
17.886 -0.9 -0.2 -0.4 -12.7 -63.8 96.9 0.975
17.981 -0.9 -0.2 -0.4 -12.7 -63.9 96.8 0.978
18.084 -0.9 -0.2 -0.4 -12.8 -64.4 96.7 0.958
18.18 -0.9 -0.2 -0.4 -12.6 -64.6 96.1 0.969
18.383 -0.9 -0.2 -0.4 -12.2 -64.8 94.9 0.947
18.498 -0.9 -0.2 -0.3 -11.6 -65.3 94.5 0.973
18.582 -0.9 -0.2 -0.3 -11.2 -65.6 94.2 0.984
18.682 -0.9 -0.2 -0.3 -11.5 -65.8 94.8 0.963
18.782 -0.9 -0.2 -0.3 -11.9 -65.5 95.3 0.962
18.879 -0.9 -0.2 -0.4 -12.2 -65.1 95.6 0.968
18.984 -0.9 -0.2 -0.4 -12.2 -64.9 95.9 0.971
19.082 -0.9 -0.2 -0.4 -12.3 -64.8 96.0 0.971
19.181 -0.9 -0.2 -0.4 -12.2 -64.8 96.0 0.971
19.383 -0.9 -0.2 -0.4 -12.0 -64.9 96.0 0.971
19.48 -0.9 -0.2 -0.4 -12.0 -64.9 96.0 0.968
19.582 -0.9 -0.2 -0.4 -12.0 -64.8 96.0 0.967
19.68 -0.9 -0.2 -0.4 -12.1 -64.8 96.1 0.973
19.781 -0.9 -0.2 -0.4 -12.1 -64.9 96.1 0.968
19.884 -0.9 -0.2 -0.4 -12.1 -64.8 96.2 0.968
19.98 -0.9 -0.2 -0.4 -12.0 -64.8 96.1 0.977
20.078 -0.9 -0.2 -0.4 -12.2 -65.0 96.2 0.977
20.181 -0.9 -0.2 -0.3 -12.6 -65.7 96.5 1.001
20.377 -1.0 -0.2 -0.3 -11.6 -70.5 95.8 1.029
20.479 -0.9 -0.2 -0.2 -11.0 -73.8 95.4 0.983
20.577 -0.9 -0.2 -0.1 -9.0 -77.6 94.0 0.956
20.679 -1.0 -0.1 -0.2 -5.4 -83.0 92.4 0.978
20.778 -1.0 0.0 -0.1 -3.2 -86.8 92.9 0.992
20.881 -1.0 -0.1 -0.0 -1.6 -86.7 94.4 0.987
20.978 -0.9 -0.1 -0.0 -0.6 -84.9 95.7 0.929
21.077 -1.0 -0.0 0.2 0.0 -83.3 97.9 1.018
21.176 -1.0 0.1 0.2 0.2 -82.0 101.3 1.032
21.378 -0.9 0.0 0.3 -1.7 -78.3 113.1 0.953
21.476 -0.9 0.0 0.3 -2.2 -76.7 117.3 0.959
21.579 -0.9 0.0 0.3 -2.0 -75.5 119.4 0.945
21.679 -0.9 -0.1 0.3 -1.6 -75.1 118.6 0.953
21.776 -1.0 -0.1 0.3 -1.2 -74.8 116.9 1.028
21.881 -0.9 -0.1 0.2 -1.4 -74.5 116.0 0.931
21.979 -0.9 -0.0 0.2 -1.3 -74.9 115.2 0.958
22.079 -1.0 0.0 0.3 -0.7 -75.4 114.6 1.002
22.176 -0.9 0.0 0.2 0.0 -75.6 114.0 0.959
22.382 -1.0 -0.1 0.1 0.4 -78.6 109.8 0.967
22.478 -1.0 0.1 0.2 0.8 -80.3 108.9 1.070
22.576 -1.0 0.0 0.1 1.7 -80.2 107.2 0.982
22.677 -1.0 -0.0 0.1 1.2 -81.2 105.5 1.013
22.777 -1.0 0.0 0.1 0.6 -82.0 104.6 0.981
22.878 -1.0 0.0 0.1 0.3 -82.4 103.4 0.968
22.975 -1.0 -0.0 0.1 0.2 -82.9 101.7 0.983
23.075 -1.0 -0.0 0.1 0.2 -83.1 100.9 0.974
23.177 -1.0 -0.0 0.1 0.2 -83.2 100.3 0.975
23.376 -1.0 0.0 0.1 0.8 -83.3 99.3 0.978
23.477 -1.0 -0.0 0.1 1.6 -82.8 99.1 0.967
23.575 -1.0 0.0 0.1 2.0 -82.4 99.4 0.956
23.674 -1.0 0.1 0.2 2.4 -81.8 99.7 0.991
23.775 -1.0 -0.0 0.0 1.8 -83.7 97.3 0.986
23.873 -1.0 0.1 0.1 1.3 -85.0 96.1 0.983
23.975 -1.0 0.1 0.0 1.9 -83.9 97.3 0.994
24.073 -1.0 -0.0 0.1 1.6 -82.6 99.3 0.982
24.172 -1.0 -0.1 0.2 -0.0 -81.6 102.0 1.030
24.38 -0.9 0.0 0.2 -1.5 -81.7 103.5 0.980
24.472 -0.9 -0.0 0.2 -1.6 -80.4 106.5 0.962
24.576 -0.9 -0.0 0.2 -2.0 -78.9 110.3 0.943
24.674 -0.9 0.1 0.3 -1.9 -78.4 112.0 0.970
24.773 -0.9 -0.0 0.3 -1.8 -78.6 111.2 0.959
24.874 -0.9 0.1 0.3 -1.2 -78.9 109.5 0.973
24.972 -0.9 -0.1 0.3 -0.6 -79.5 106.7 0.945
25.074 -0.8 -0.0 0.3 -0.6 -79.2 106.8 0.796
25.174 -0.9 -0.1 0.1 -0.6 -79.7 104.6 0.878
25.372 -1.0 -0.1 -0.0 -1.4 -85.8 95.5 1.015
25.473 -1.0 -0.1 -0.1 -1.4 -88.2 92.5 1.006
25.574 -1.0 0.0 -0.0 -1.5 -88.2 92.5 0.974
25.674 -1.0 -0.1 0.0 -1.3 -87.5 93.3 0.958
25.771 -1.0 0.0 -0.0 -0.3 -88.3 92.0 0.988
25.875 -1.0 -0.0 0.0 -0.0 -87.9 92.1 0.956
25.972 -1.0 -0.0 0.0 0.4 -87.5 92.1 0.967
26.073 -1.0 0.0 0.1 0.7 -86.9 92.3 0.954
26.173 -1.0 0.0 0.1 0.8 -86.7 92.3 0.966
26.372 -1.0 -0.0 0.1 1.0 -86.3 92.7 0.965
26.471 -0.9 0.0 0.1 1.2 -85.8 92.9 0.953
26.57 -1.0 0.0 0.1 1.9 -85.3 92.5 0.971
26.674 -1.0 0.0 0.1 2.2 -85.2 92.1 0.969
26.77 -1.0 0.0 0.1 2.4 -85.3 91.7 0.976
26.869 -1.0 0.0 0.1 2.5 -85.2 91.4 0.981
26.972 -1.0 0.0 0.1 2.6 -85.2 91.3 0.966
27.07 -1.0 0.1 0.1 2.7 -85.5 90.9 0.963
27.174 -1.0 0.1 0.0 2.4 -86.2 90.6 0.980
27.369 -1.0 0.0 0.0 2.8 -86.2 89.9 0.962
27.474 -1.0 0.0 0.0 3.3 -85.7 89.5 0.973
27.571 -1.0 0.0 0.0 3.3 -85.5 89.6 0.973
27.669 -1.0 0.0 0.0 3.3 -85.5 89.7 0.975
27.771 -1.0 0.1 0.0 3.3 -85.5 89.7 0.972
27.869 -1.0 0.1 0.1 3.5 -85.3 89.5 0.970
27.969 -1.0 0.0 0.0 3.6 -85.3 89.3 0.972
28.068 -1.0 0.1 0.0 3.7 -85.7 88.5 0.979
28.175 -1.0 0.1 0.0 3.5 -86.3 87.6 0.992
28.371 -1.0 -0.0 0.0 0.8 -89.3 89.2 0.952
28.468 -1.0 0.1 -0.1 1.1 -88.9 89.2 0.985
28.57 -1.0 0.0 -0.0 1.7 -88.0 89.7 1.007
28.669 -0.9 -0.3 0.0 0.1 -87.5 92.5 0.948
28.77 -1.2 -0.1 0.1 -1.9 -86.8 94.9 1.200
28.873 -0.9 0.2 0.1 -3.9 -84.0 99.4 0.961
29.07 -0.9 0.1 0.2 -2.7 -82.6 100.6 0.903
29.17 -1.0 -0.2 0.1 -0.9 -83.0 97.9 1.062
29.269 -1.0 -0.1 0.1 -0.8 -84.3 96.5 1.051
29.473 -0.9 -0.0 0.0 0.6 -84.4 94.0 0.930
29.569 -1.0 0.0 0.0 0.8 -85.6 92.5 0.980
29.674 -1.0 -0.0 -0.1 0.0 -87.7 91.5 1.023
29.77 -1.0 0.1 -0.1 -0.3 -89.6 90.6 0.999
29.871 -1.0 0.0 -0.0 0.0 -88.9 89.4 0.987
29.972 -1.0 0.0 -0.0 -0.4 -89.1 90.0 0.965
30.171 -1.0 0.0 -0.0 -0.4 -88.5 89.7 0.996
30.268 -1.0 0.0 -0.0 -0.6 -88.7 90.0 0.968
30.373 -1.0 -0.0 -0.0 -0.3 -89.1 89.9 0.975
30.47 -1.0 -0.1 -0.0 -0.5 -89.4 90.4 0.981
30.569 -1.0 -0.1 -0.0 -1.6 -88.4 91.7 0.973
30.671 -1.0 -0.1 -0.0 -3.4 -86.3 94.0 0.961
30.773 -0.9 -0.0 0.0 -6.1 -83.0 97.4 0.941
30.874 -0.9 -0.3 -0.1 -11.2 -77.9 102.8 0.936
30.969 -0.4 -0.3 -0.1 -20.1 -69.5 111.5 0.492
31.17 -0.4 -0.3 0.1 -39.6 -50.3 130.8 0.498
31.272 -0.7 -0.7 -0.3 -47.6 -42.4 138.4 0.970
31.371 -0.8 -0.3 -0.2 -47.3 -42.2 141.2 0.892
31.469 -0.8 -1.0 0.3 -41.8 -45.1 141.9 1.276
31.57 -0.9 -0.8 1.1 -31.2 -49.6 140.5 1.616
31.672 -1.4 -0.7 1.2 -15.9 -56.9 139.7 2.001
31.769 -0.6 -0.4 0.4 -9.5 -59.6 140.0 0.806
31.867 -0.9 -0.1 0.6 -9.8 -59.7 141.8 1.141
31.966 -0.9 -0.2 0.5 -12.4 -60.4 141.8 1.050
32.166 -0.9 -0.4 0.5 -17.8 -60.7 140.1 1.120
32.271 -0.7 -0.5 0.4 -21.3 -58.7 140.8 0.973
32.365 -0.8 -0.3 0.3 -24.6 -57.7 140.1 0.934
32.465 -0.8 -0.4 0.3 -24.6 -59.4 137.4 0.942
32.572 -0.5 -0.3 0.4 -25.4 -58.7 137.5 0.740
32.669 -0.5 -0.2 0.3 -26.8 -57.9 137.2 0.589
32.766 -0.9 -0.3 -0.0 -24.0 -63.3 127.2 0.953
32.865 -1.9 -0.8 -0.9 -22.0 -68.0 111.6 2.210
32.967 -1.1 -0.8 -0.5 -26.9 -61.5 109.1 1.473
33.166 -0.8 -0.6 -0.3 -33.4 -54.4 113.8 1.013
33.269 -0.7 -0.5 -0.2 -33.5 -54.3 114.4 0.863
33.368 -0.6 -0.4 -0.1 -31.9 -55.7 112.4 0.694
33.465 -0.5 -0.3 -0.3 -28.4 -58.4 108.0 0.648
33.567 -0.6 -0.2 -0.3 -26.7 -59.8 105.7 0.666
33.665 -0.6 -0.4 -0.4 -26.9 -58.8 103.6 0.882
33.766 -0.7 -0.6 -0.2 -29.3 -56.1 104.2 0.933
33.862 -0.9 -0.7 -0.1 -31.9 -53.1 104.4 1.175
33.963 -0.7 -0.6 -0.2 -34.9 -50.5 105.8 0.911
34.165 -0.7 -0.6 -0.2 -37.4 -48.3 100.8 0.962
34.262 -0.8 -0.6 -0.2 -38.0 -48.1 97.8 1.002
34.365 -0.7 -0.6 -0.2 -38.6 -47.7 94.6 0.977
34.462 -0.8 -0.6 -0.2 -39.2 -47.2 91.6 0.986
34.563 -0.7 -0.6 -0.2 -38.7 -47.7 91.3 0.931
34.664 -0.7 -0.6 -0.3 -37.4 -48.7 92.6 0.978
34.764 -0.7 -0.6 -0.3 -36.1 -49.6 92.9 0.992
34.868 -0.7 -0.6 -0.3 -35.1 -50.2 92.7 0.982
34.962 -0.7 -0.5 -0.3 -34.3 -50.7 91.8 0.963
35.163 -0.8 -0.5 -0.3 -32.5 -51.8 88.9 0.979
35.263 -0.8 -0.5 -0.3 -32.2 -51.9 87.1 0.991
35.363 -0.8 -0.5 -0.3 -32.3 -51.9 87.2 0.989
35.466 -0.8 -0.5 -0.3 -32.8 -51.8 88.2 0.980
35.563 -0.8 -0.5 -0.3 -33.0 -51.9 89.1 0.967
35.664 -0.8 -0.5 -0.3 -32.9 -52.2 90.0 0.975
35.765 -0.8 -0.5 -0.3 -33.0 -52.4 92.0 0.973
35.862 -0.7 -0.6 -0.3 -33.2 -52.2 94.0 0.975
35.964 -0.7 -0.6 -0.3 -33.4 -52.4 95.5 0.973
36.163 -0.8 -0.5 -0.2 -32.9 -53.3 96.9 0.970
36.26 -0.8 -0.6 -0.2 -33.1 -53.2 97.6 0.976
36.362 -0.8 -0.6 -0.3 -33.7 -52.7 98.1 0.985
36.461 -0.7 -0.6 -0.2 -33.9 -52.4 98.0 0.967
36.56 -0.8 -0.5 -0.2 -34.1 -52.2 97.3 0.969
36.661 -0.8 -0.6 -0.3 -33.9 -52.2 96.2 0.992
36.761 -0.8 -0.5 -0.2 -33.6 -52.5 95.6 0.967
36.862 -0.8 -0.5 -0.2 -33.5 -52.6 95.4 0.971
36.961 -0.8 -0.5 -0.3 -33.5 -52.6 95.3 0.979
37.16 -0.8 -0.5 -0.3 -33.3 -52.8 95.3 0.975
37.264 -0.8 -0.5 -0.3 -33.2 -52.8 95.2 0.968
37.361 -0.8 -0.5 -0.3 -33.1 -52.9 95.1 0.978
37.462 -0.8 -0.5 -0.3 -33.0 -53.0 95.3 0.968
37.559 -0.8 -0.5 -0.3 -33.0 -53.1 95.4 0.974
37.66 -0.8 -0.5 -0.3 -32.9 -53.1 95.3 0.970
37.758 -0.8 -0.5 -0.3 -32.9 -53.1 95.2 0.980
37.86 -0.8 -0.5 -0.3 -32.9 -53.2 95.2 0.973
37.959 -0.8 -0.5 -0.3 -32.8 -53.2 95.0 0.978
38.159 -0.8 -0.5 -0.3 -32.7 -53.3 94.6 0.982
38.259 -0.8 -0.5 -0.3 -32.7 -53.3 94.8 0.976
38.358 -0.8 -0.5 -0.2 -32.8 -53.2 94.9 0.975
38.463 -0.8 -0.5 -0.3 -32.8 -53.2 94.9 0.977
38.559 -0.8 -0.5 -0.3 -32.8 -53.2 94.8 0.971
38.659 -0.8 -0.5 -0.2 -32.8 -53.2 94.3 0.975
38.76 -0.8 -0.5 -0.3 -32.6 -53.3 94.0 0.978
38.858 -0.8 -0.5 -0.3 -32.6 -53.4 94.1 0.977
38.957 -0.8 -0.5 -0.2 -32.6 -53.4 94.2 0.969
39.156 -0.8 -0.5 -0.3 -32.5 -53.4 94.2 0.975
39.259 -0.8 -0.5 -0.3 -32.6 -53.4 94.3 0.972
39.36 -0.8 -0.5 -0.3 -32.6 -53.3 94.3 0.976
39.457 -0.8 -0.5 -0.3 -32.6 -53.3 94.2 0.972
39.561 -0.8 -0.5 -0.3 -32.6 -53.3 94.0 0.977
39.656 -0.8 -0.5 -0.3 -32.5 -53.4 93.8 0.988
39.756 -0.8 -0.5 -0.3 -32.5 -53.5 94.0 0.974
39.857 -0.8 -0.5 -0.3 -32.6 -53.4 94.0 0.972
39.955 -0.8 -0.5 -0.3 -32.5 -53.4 94.0 0.975
40.155 -0.8 -0.5 -0.2 -32.6 -53.3 94.2 0.968
40.258 -0.8 -0.5 -0.3 -32.6 -53.3 94.0 0.975
40.356 -0.8 -0.5 -0.3 -32.6 -53.3 93.8 0.980
40.458 -0.8 -0.5 -0.3 -32.6 -53.3 94.0 0.981
40.556 -0.8 -0.5 -0.3 -32.6 -53.3 94.1 0.974
40.661 -0.8 -0.5 -0.3 -32.6 -53.3 94.1 0.975
40.756 -0.8 -0.5 -0.3 -32.6 -53.4 94.1 0.973
