MPU6050 - 04/15/2018 22:54:20
0.101 -0.7 -0.6 -0.4 -37.9 -44.7 74.9 0.987
0.203 -0.7 -0.6 -0.4 -38.0 -44.6 76.4 0.981
0.303 -0.7 -0.6 -0.4 -38.0 -44.6 77.9 0.975
0.406 -0.7 -0.6 -0.4 -38.0 -44.4 78.5 0.984
0.6 -0.7 -0.7 -0.4 -38.8 -43.9 82.0 1.018
0.701 -0.6 -0.7 -0.3 -40.8 -42.9 85.8 0.925
0.801 -0.6 -0.7 -0.2 -43.4 -41.8 92.1 0.935
0.901 -0.5 -0.8 -0.2 -45.2 -40.6 96.3 1.017
1.004 -0.9 -0.2 -0.2 -41.2 -45.2 95.9 0.944
1.1 -0.6 -0.6 -0.1 -37.9 -49.3 102.1 0.858
1.201 -0.8 -0.3 -0.1 -31.4 -56.7 104.5 0.902
1.301 -0.9 -0.2 -0.2 -24.0 -63.9 100.2 0.928
1.401 -0.8 -0.4 -0.4 -17.5 -68.9 95.4 0.999
1.604 -1.0 -0.0 -0.2 -10.8 -76.0 91.7 0.984
1.7 -1.0 -0.1 -0.2 -7.6 -79.7 90.3 1.002
1.801 -0.9 -0.1 -0.2 -5.2 -83.2 90.7 0.941
1.903 -1.0 -0.0 -0.1 -4.1 -85.7 92.8 0.979
1.997 -1.0 -0.3 0.2 -5.4 -84.4 97.0 1.047
2.101 -1.0 0.1 0.2 -5.7 -84.3 96.3 1.057
2.197 -1.0 -0.1 0.2 -6.1 -83.4 98.8 1.048
2.302 -0.8 0.0 0.2 -5.9 -82.3 100.6 0.867
2.397 -1.0 -0.1 0.1 -5.3 -82.7 100.0 0.983
2.599 -1.0 -0.0 0.1 -4.6 -83.6 99.4 1.042
2.701 -1.0 -0.1 0.1 -3.5 -84.1 99.0 1.045
2.798 -1.0 0.0 0.1 -3.3 -84.2 99.1 0.997
2.9 -1.0 -0.0 0.1 -2.8 -84.2 99.1 0.976
2.997 -1.0 -0.1 0.0 -2.7 -84.2 99.1 0.960
3.096 -1.0 -0.0 0.1 -2.7 -84.1 99.3 0.976
3.198 -0.9 -0.2 0.0 -3.6 -84.3 99.3 0.961
3.296 -1.0 -0.1 0.0 -5.4 -84.1 98.6 0.984
3.398 -0.9 -0.0 0.0 -11.0 -78.8 98.0 0.888
3.599 -0.9 -0.4 -0.3 -22.3 -60.9 96.6 1.012
3.698 -0.8 -0.4 -0.4 -24.3 -54.6 97.1 1.024
3.799 -0.7 -0.4 -0.5 -25.0 -50.5 98.1 0.967
3.901 -0.7 -0.4 -0.5 -25.3 -47.9 99.9 0.965
3.996 -0.7 -0.5 -0.6 -24.7 -46.8 100.3 1.050
4.099 -0.7 -0.4 -0.6 -24.1 -46.5 100.2 0.985
4.2 -0.7 -0.4 -0.6 -22.8 -47.0 98.7 0.964
4.296 -0.7 -0.4 -0.6 -22.4 -46.8 97.5 0.969
4.398 -0.7 -0.4 -0.6 -22.5 -46.6 97.4 0.987
4.603 -0.7 -0.4 -0.6 -21.5 -46.3 95.8 0.982
4.697 -0.7 -0.4 -0.6 -21.0 -46.2 95.5 0.988
4.798 -0.7 -0.4 -0.6 -20.6 -46.3 95.3 0.979
4.899 -0.7 -0.3 -0.6 -20.9 -46.5 95.4 0.968
4.994 -0.7 -0.4 -0.6 -20.7 -46.6 95.2 0.979
5.101 -0.7 -0.3 -0.6 -20.7 -46.6 95.1 0.976
5.195 -0.7 -0.3 -0.6 -20.7 -46.5 95.0 0.976
5.296 -0.7 -0.3 -0.6 -20.5 -46.6 94.9 0.967
5.399 -0.7 -0.3 -0.6 -20.3 -46.7 95.0 0.979
5.596 -0.7 -0.3 -0.6 -19.8 -47.0 94.7 0.965
5.694 -0.7 -0.3 -0.6 -19.5 -47.1 94.5 0.978
5.798 -0.7 -0.3 -0.6 -19.4 -47.1 94.3 0.971
5.899 -0.7 -0.3 -0.6 -19.3 -47.2 94.2 0.973
5.996 -0.7 -0.3 -0.6 -19.2 -47.3 94.2 0.976
6.099 -0.7 -0.3 -0.6 -19.2 -47.3 94.2 0.977
6.197 -0.7 -0.3 -0.6 -19.2 -47.2 94.1 0.970
6.298 -0.7 -0.3 -0.6 -19.3 -47.1 94.1 0.977
6.4 -0.7 -0.3 -0.6 -19.4 -47.0 94.1 0.980
6.593 -0.7 -0.3 -0.6 -19.5 -46.9 94.3 0.977
6.694 -0.7 -0.3 -0.6 -19.6 -46.8 94.3 0.973
6.793 -0.7 -0.3 -0.6 -19.6 -46.8 94.3 0.966
6.895 -0.7 -0.3 -0.6 -19.6 -46.8 94.2 0.968
7 -0.7 -0.3 -0.6 -19.5 -46.8 94.1 0.973
7.095 -0.7 -0.3 -0.6 -19.5 -46.8 93.9 0.979
7.195 -0.7 -0.3 -0.6 -19.4 -46.9 93.9 0.980
7.292 -0.7 -0.3 -0.6 -19.3 -46.9 93.8 0.975
7.393 -0.7 -0.3 -0.6 -19.2 -47.1 93.9 0.969
7.597 -0.7 -0.3 -0.6 -19.2 -47.3 94.0 0.975
7.696 -0.7 -0.3 -0.6 -19.1 -47.3 93.9 0.975
7.793 -0.7 -0.3 -0.6 -19.0 -47.4 93.9 0.974
7.893 -0.7 -0.3 -0.6 -18.8 -47.5 93.9 0.980
7.996 -0.7 -0.3 -0.6 -18.7 -47.6 93.9 0.978
8.094 -0.7 -0.3 -0.6 -18.5 -47.7 94.0 0.981
8.197 -0.7 -0.3 -0.6 -18.5 -47.7 94.0 0.978
8.293 -0.7 -0.3 -0.6 -18.4 -47.8 93.8 0.974
8.395 -0.7 -0.3 -0.6 -18.4 -47.7 93.8 0.980
8.592 -0.7 -0.3 -0.6 -18.6 -47.6 93.7 0.973
8.692 -0.7 -0.3 -0.6 -18.8 -47.4 93.6 0.980
8.794 -0.7 -0.3 -0.6 -18.9 -47.3 93.6 0.979
8.892 -0.7 -0.3 -0.6 -19.1 -47.2 93.6 0.976
8.993 -0.7 -0.3 -0.6 -19.2 -47.1 93.6 0.975
9.093 -0.7 -0.3 -0.6 -19.4 -46.9 93.6 0.976
9.19 -0.7 -0.3 -0.6 -19.7 -46.8 93.6 0.978
9.291 -0.7 -0.3 -0.6 -19.8 -46.8 93.7 0.969
9.391 -0.7 -0.3 -0.6 -19.7 -46.9 93.7 0.981
9.594 -0.7 -0.3 -0.6 -19.7 -46.9 93.7 0.972
9.692 -0.7 -0.4 -0.6 -19.8 -46.9 93.6 1.003
9.798 -0.8 -0.3 -0.6 -19.8 -48.6 93.2 1.057
9.894 -0.8 -0.2 -0.4 -19.7 -52.8 94.0 0.965
9.992 -0.8 -0.4 -0.5 -18.9 -57.0 94.8 1.004
10.091 -0.8 -0.3 -0.4 -17.9 -62.0 95.4 0.958
10.194 -0.9 -0.2 -0.3 -17.4 -66.8 96.6 0.951
10.292 -1.0 -0.2 -0.1 -13.6 -73.4 96.1 0.994
10.491 -1.0 -0.3 0.2 -7.7 -82.3 97.8 1.011
10.59 -1.1 -0.0 0.1 -6.7 -83.1 98.9 1.067
10.692 -0.8 -0.2 0.2 -6.4 -81.8 102.9 0.838
10.793 -0.9 -0.0 0.2 -6.1 -80.4 106.1 0.877
10.99 -0.9 -0.1 0.2 -3.4 -81.2 104.7 0.961
11.096 -1.0 -0.1 0.2 -2.4 -80.7 104.7 0.969
11.193 -1.0 -0.0 0.2 -1.4 -80.5 103.7 1.004
11.293 -1.0 -0.1 0.1 -1.5 -80.9 102.7 0.968
11.394 -1.0 -0.0 0.1 -2.2 -81.7 102.2 0.991
11.594 -1.0 -0.0 0.1 -2.4 -82.5 101.5 0.975
11.692 -1.0 0.0 0.1 -2.2 -83.0 101.0 0.980
11.79 -0.9 -0.0 0.1 -1.9 -83.5 100.4 0.949
11.891 -1.0 -0.1 0.1 -2.1 -84.6 99.2 0.963
11.99 -0.9 -0.1 0.1 -3.0 -85.5 98.1 0.941
12.095 -0.9 -0.1 -0.0 -3.5 -86.3 95.4 0.905
12.192 -0.8 -0.1 -0.1 -3.9 -85.1 88.5 0.826
12.294 -0.9 -0.1 -0.2 -5.2 -78.6 73.5 0.889
12.39 -0.8 -0.2 -0.3 -9.4 -67.9 52.7 0.854
12.595 -0.5 -0.2 -0.1 -24.1 -41.1 27.7 0.550
12.691 -0.6 0.2 -0.2 -21.1 -33.6 27.2 0.658
12.79 -0.5 -0.1 -0.5 -7.4 -33.3 36.1 0.674
12.889 -2.0 1.1 -2.0 18.3 -47.4 39.9 3.033
12.998 -0.9 0.6 -1.4 22.6 -54.3 46.8 1.776
13.086 -0.7 0.5 -0.7 23.0 -52.6 48.4 1.086
13.193 -0.6 0.4 -0.6 25.0 -48.4 44.5 0.931
13.293 -0.4 0.4 -0.5 24.0 -45.0 41.8 0.755
13.386 -0.6 0.6 -0.6 22.2 -42.2 40.2 1.027
13.587 -1.1 0.0 -0.5 10.6 -49.3 47.6 1.242
13.686 -1.3 -0.1 -0.7 -0.6 -55.6 57.3 1.492
13.786 -0.8 -0.2 -0.6 -14.0 -53.9 66.2 1.008
13.887 -0.8 -0.4 -0.4 -24.0 -50.9 70.6 0.962
13.99 -0.8 -0.5 -0.4 -29.8 -49.2 74.2 1.024
14.087 -0.6 -0.5 -0.3 -32.8 -48.3 79.3 0.794
14.189 -0.7 -0.4 -0.3 -34.5 -47.6 79.7 0.843
14.288 -0.5 -0.3 -0.1 -35.8 -49.1 85.9 0.593
14.385 -0.6 -0.5 -0.1 -36.3 -50.7 96.3 0.812
14.587 -0.7 -0.7 -0.1 -37.9 -50.7 111.4 0.988
14.685 -0.7 -0.6 -0.2 -39.0 -49.6 113.6 0.906
14.785 -0.7 -0.6 -0.2 -40.1 -48.2 113.5 0.952
14.886 -0.7 -0.6 -0.2 -41.1 -46.3 112.2 0.955
14.986 -0.6 -0.6 -0.3 -42.2 -44.5 111.1 0.947
15.084 -0.6 -0.7 -0.2 -43.3 -42.7 110.5 0.948
15.185 -0.5 -0.7 -0.3 -43.4 -41.6 108.7 0.910
15.286 -0.6 -0.8 -0.4 -43.4 -40.9 108.1 1.058
15.387 -0.6 -0.7 -0.3 -43.6 -40.6 107.8 1.000
15.585 -0.7 -0.7 -0.3 -44.6 -40.8 110.0 0.991
15.685 -0.6 -0.7 -0.3 -44.9 -41.0 110.7 1.001
15.787 -0.7 -0.7 -0.2 -45.0 -41.5 111.0 0.979
15.885 -0.7 -0.7 -0.2 -44.5 -42.1 110.6 0.960
15.985 -0.7 -0.7 -0.2 -44.5 -42.1 110.8 0.969
16.084 -0.6 -0.7 -0.2 -44.7 -41.9 111.9 0.996
16.185 -0.7 -0.7 -0.2 -44.8 -42.0 112.1 0.986
16.286 -0.7 -0.7 -0.2 -44.6 -42.5 112.4 0.979
16.385 -0.7 -0.7 -0.2 -44.1 -43.2 112.7 0.987
16.583 -0.7 -0.7 -0.2 -43.6 -43.7 112.9 0.984
16.685 -0.7 -0.7 -0.2 -43.6 -43.7 112.8 0.981
16.783 -0.7 -0.7 -0.2 -43.4 -43.9 112.9 0.986
16.887 -0.7 -0.7 -0.2 -43.8 -43.7 114.4 0.983
16.983 -0.7 -0.7 -0.2 -44.4 -43.2 115.7 0.981
17.084 -0.7 -0.7 -0.2 -44.5 -43.0 115.7 0.981
17.183 -0.7 -0.7 -0.2 -44.6 -42.9 115.5 0.982
17.284 -0.7 -0.7 -0.2 -44.6 -42.9 115.3 0.984
17.383 -0.7 -0.7 -0.2 -44.4 -43.1 114.8 0.981
17.585 -0.6 -0.7 -0.2 -44.0 -43.2 111.3 0.961
17.683 -0.7 -0.7 -0.2 -42.8 -44.4 108.6 0.967
17.784 -0.7 -0.6 -0.2 -41.1 -46.6 108.7 0.996
17.882 -0.8 -0.5 -0.1 -39.1 -49.8 113.5 0.948
17.987 -0.8 -0.5 -0.1 -36.0 -53.5 115.6 0.976
18.083 -0.9 -0.5 -0.0 -30.9 -59.0 115.7 1.032
18.182 -0.9 -0.3 0.0 -24.3 -65.7 115.5 0.922
18.283 -0.8 -0.4 0.0 -18.2 -71.5 115.2 0.919
18.383 -0.8 -0.4 0.1 -15.3 -73.4 116.9 0.932
18.58 -1.0 -0.1 0.2 -11.2 -76.4 115.5 1.045
18.68 -0.9 -0.0 0.2 -9.1 -77.4 113.6 0.895
18.78 -0.9 -0.2 0.2 -7.3 -78.8 109.5 0.972
18.881 -1.0 -0.1 0.2 -6.2 -80.0 107.1 0.983
18.983 -0.9 -0.1 0.1 -4.1 -81.5 104.4 0.941
19.082 -0.9 -0.1 0.1 -2.3 -82.4 102.2 0.909
19.18 -1.0 -0.1 0.0 -2.2 -84.6 98.5 0.989
19.283 -1.0 0.1 -0.1 -0.8 -88.9 91.7 0.989
19.381 -0.9 0.0 -0.1 0.6 -88.1 87.5 0.953
19.582 -0.9 -0.0 -0.1 1.7 -85.4 85.2 0.949
19.68 -1.0 -0.1 -0.1 1.5 -84.0 84.7 0.981
19.778 -0.9 0.0 -0.1 0.8 -82.9 85.0 0.940
19.881 -1.0 0.0 -0.1 0.2 -81.5 85.2 0.970
19.98 -1.0 -0.1 -0.2 -0.7 -80.0 85.8 0.975
20.085 -0.9 -0.2 -0.3 -2.1 -78.0 86.6 0.987
20.182 -0.9 -0.1 -0.3 -4.8 -74.6 87.5 0.978
20.279 -0.9 -0.1 -0.3 -7.7 -70.4 88.5 0.983
20.379 -0.9 -0.1 -0.3 -9.0 -67.7 88.9 0.992
20.58 -0.9 -0.2 -0.4 -9.3 -65.8 89.4 0.984
20.68 -0.9 -0.1 -0.4 -8.7 -66.1 89.1 0.971
20.778 -0.9 -0.1 -0.4 -8.4 -66.1 89.2 0.960
20.878 -0.9 -0.2 -0.4 -8.1 -66.0 89.1 0.978
20.983 -0.9 -0.1 -0.4 -8.0 -66.2 89.2 0.968
21.078 -0.9 -0.1 -0.4 -8.0 -66.4 89.3 0.962
21.178 -0.9 -0.1 -0.4 -7.9 -66.6 89.4 0.970
21.279 -0.9 -0.1 -0.4 -7.8 -66.9 89.4 0.969
21.379 -0.9 -0.1 -0.4 -7.7 -67.0 89.3 0.966
21.583 -0.9 -0.1 -0.4 -7.6 -67.2 89.4 0.975
21.679 -0.9 -0.1 -0.4 -7.5 -67.3 89.3 0.969
21.776 -0.9 -0.1 -0.4 -7.3 -67.4 89.0 0.973
21.882 -0.9 -0.1 -0.4 -6.9 -67.5 88.7 0.973
