MPU6050 - 04/15/2018 22:50:49
0.094 -0.7 -0.6 -0.3 -39.4 -46.5 102.6 0.976
0.292 -0.7 -0.6 -0.3 -39.4 -46.4 102.8 0.984
0.398 -0.7 -0.6 -0.3 -39.5 -46.4 103.3 0.987
0.491 -0.7 -0.6 -0.3 -39.8 -46.3 103.8 0.979
0.597 -0.7 -0.6 -0.3 -40.0 -46.2 104.1 0.986
0.693 -0.7 -0.6 -0.3 -40.0 -46.5 104.3 0.971
0.792 -0.7 -0.6 -0.2 -40.1 -46.5 104.3 0.974
0.89 -0.7 -0.6 -0.2 -40.2 -46.5 103.9 0.979
0.976 -0.7 -0.6 -0.2 -40.1 -46.5 103.5 0.984
1.091 -0.7 -0.6 -0.2 -40.2 -46.4 103.5 0.978
1.293 -0.7 -0.6 -0.2 -40.3 -46.6 104.2 0.979
1.393 -0.7 -0.6 -0.2 -40.2 -46.7 104.6 0.977
1.492 -0.7 -0.6 -0.2 -40.1 -46.8 105.4 0.979
1.591 -0.7 -0.6 -0.2 -40.1 -46.9 105.8 0.978
1.69 -0.7 -0.6 -0.2 -40.1 -46.9 106.0 0.977
1.791 -0.7 -0.6 -0.2 -40.1 -47.0 105.9 0.975
1.891 -0.7 -0.6 -0.2 -40.2 -46.9 105.9 0.980
1.992 -0.7 -0.6 -0.2 -40.2 -46.9 105.9 0.979
2.094 -0.7 -0.6 -0.2 -40.2 -46.9 105.9 0.980
2.291 -0.7 -0.6 -0.2 -40.3 -46.9 106.2 0.976
2.39 -0.7 -0.6 -0.2 -40.3 -46.9 106.3 0.980
2.492 -0.7 -0.6 -0.2 -40.2 -46.9 106.5 0.977
2.589 -0.7 -0.6 -0.2 -40.2 -47.0 106.6 0.979
2.69 -0.7 -0.6 -0.2 -40.3 -47.0 106.8 0.981
2.789 -0.7 -0.6 -0.2 -40.3 -47.0 106.8 0.978
2.891 -0.7 -0.6 -0.2 -40.3 -47.0 106.9 0.974
2.99 -0.7 -0.6 -0.2 -40.3 -47.0 106.8 0.979
3.091 -0.7 -0.6 -0.2 -40.3 -47.0 106.9 0.980
3.289 -0.7 -0.6 -0.2 -40.2 -47.1 107.3 0.981
3.39 -0.7 -0.6 -0.2 -40.2 -47.1 107.4 0.977
3.488 -0.7 -0.6 -0.2 -40.2 -47.1 107.3 0.973
3.59 -0.7 -0.6 -0.2 -40.1 -47.1 107.2 0.976
3.689 -0.7 -0.6 -0.2 -40.1 -47.1 107.1 0.976
3.788 -0.7 -0.6 -0.2 -40.1 -47.1 107.0 0.977
3.892 -0.7 -0.6 -0.2 -40.1 -47.1 106.8 0.977
3.989 -0.7 -0.6 -0.2 -40.1 -47.1 106.6 0.981
4.09 -0.7 -0.6 -0.2 -40.1 -47.1 106.6 0.976
4.287 -0.7 -0.6 -0.2 -40.3 -46.9 106.6 0.978
4.388 -0.7 -0.6 -0.2 -40.4 -46.8 106.8 0.981
4.489 -0.7 -0.6 -0.2 -40.4 -46.8 107.0 0.973
4.589 -0.7 -0.6 -0.2 -40.4 -46.8 107.2 0.979
4.687 -0.7 -0.6 -0.2 -40.4 -46.8 107.4 0.982
4.789 -0.7 -0.6 -0.2 -40.4 -46.9 107.3 0.979
4.887 -0.7 -0.6 -0.2 -40.4 -46.9 107.4 0.981
4.997 -0.7 -0.6 -0.2 -40.4 -46.9 107.4 0.983
5.088 -0.7 -0.6 -0.2 -40.3 -46.9 107.4 0.978
5.288 -0.7 -0.6 -0.2 -40.3 -46.9 107.3 0.981
5.386 -0.7 -0.6 -0.2 -40.3 -46.9 107.3 0.981
5.486 -0.7 -0.7 -0.2 -40.1 -47.1 106.8 0.995
5.588 -0.7 -0.6 -0.2 -40.0 -47.2 106.4 0.981
5.687 -0.7 -0.6 -0.2 -40.1 -47.2 106.5 0.978
5.788 -0.7 -0.6 -0.2 -40.1 -47.1 106.5 0.979
5.889 -0.7 -0.6 -0.2 -40.2 -47.0 106.7 0.975
5.988 -0.7 -0.6 -0.2 -40.3 -47.0 106.7 0.972
6.092 -0.7 -0.6 -0.2 -40.4 -46.9 106.8 0.976
6.287 -0.7 -0.6 -0.2 -40.6 -46.7 107.0 0.977
6.387 -0.7 -0.6 -0.2 -40.7 -46.6 107.1 0.978
6.487 -0.7 -0.6 -0.2 -40.7 -46.6 107.2 0.980
6.587 -0.7 -0.6 -0.2 -40.7 -46.6 107.1 0.976
6.686 -0.7 -0.6 -0.2 -40.7 -46.6 107.0 0.978
6.787 -0.7 -0.6 -0.2 -40.9 -46.3 106.7 0.975
6.888 -0.7 -0.6 -0.2 -41.2 -45.9 106.5 0.986
6.99 -0.7 -0.6 -0.2 -41.2 -45.9 106.3 0.979
7.088 -0.7 -0.6 -0.2 -41.2 -45.8 106.2 0.971
7.285 -0.7 -0.7 -0.2 -41.7 -45.2 106.2 0.979
7.385 -0.7 -0.7 -0.2 -41.7 -45.1 105.9 0.981
7.484 -0.7 -0.7 -0.2 -41.8 -45.0 105.8 0.983
7.59 -0.7 -0.7 -0.2 -41.7 -45.0 105.5 0.987
7.684 -0.7 -0.6 -0.2 -41.9 -45.0 105.7 0.969
7.787 -0.7 -0.7 -0.2 -42.2 -44.6 106.0 0.977
7.887 -0.7 -0.7 -0.2 -42.4 -44.4 105.8 0.979
7.989 -0.7 -0.6 -0.2 -43.1 -43.7 105.9 0.968
8.09 -0.7 -0.7 -0.2 -44.0 -42.7 106.7 0.980
8.284 -0.7 -0.7 -0.2 -44.4 -42.2 107.1 0.980
8.386 -0.7 -0.7 -0.2 -44.0 -42.6 107.1 0.979
8.485 -0.7 -0.7 -0.2 -43.6 -42.9 107.1 0.979
8.586 -0.7 -0.7 -0.2 -43.5 -42.9 107.0 0.987
8.684 -0.7 -0.7 -0.3 -43.3 -43.0 106.5 0.983
8.784 -0.7 -0.7 -0.2 -43.1 -43.2 106.1 0.978
8.884 -0.7 -0.7 -0.3 -42.9 -43.4 106.0 0.978
8.983 -0.7 -0.7 -0.3 -42.8 -43.5 106.1 0.981
9.084 -0.7 -0.7 -0.3 -42.6 -43.7 106.0 0.983
9.285 -0.6 -0.7 -0.3 -42.6 -43.5 106.0 0.972
9.383 -0.6 -0.7 -0.3 -43.3 -42.6 104.9 0.984
9.485 -0.6 -0.7 -0.3 -43.8 -41.9 101.9 0.978
9.585 -0.7 -0.6 -0.3 -42.8 -42.5 95.1 0.923
9.683 -0.7 -0.7 -0.2 -41.6 -44.3 93.5 0.969
9.784 -0.8 -0.6 -0.2 -39.3 -47.3 94.2 1.002
9.883 -0.7 -0.5 -0.2 -36.8 -50.2 93.5 0.878
9.984 -0.9 -0.5 -0.2 -36.1 -51.1 92.0 1.042
10.085 -0.9 -0.4 -0.2 -36.4 -50.6 89.0 0.990
10.281 -0.8 -0.5 -0.3 -36.7 -49.1 84.1 1.013
10.382 -0.7 -0.6 -0.3 -38.4 -46.7 86.3 1.006
10.483 -0.7 -0.6 -0.3 -38.8 -45.6 85.6 0.991
10.586 -0.7 -0.6 -0.3 -39.6 -44.8 86.8 0.996
10.68 -0.7 -0.6 -0.3 -39.6 -45.0 87.5 0.994
10.782 -0.7 -0.6 -0.3 -39.6 -45.4 87.7 0.962
10.884 -0.7 -0.6 -0.3 -39.5 -46.2 89.8 0.943
10.981 -0.7 -0.7 -0.3 -40.1 -45.8 90.5 0.987
11.079 -0.7 -0.6 -0.3 -40.6 -45.3 89.6 0.975
11.281 -0.7 -0.7 -0.3 -39.9 -45.0 87.7 1.013
11.38 -0.7 -0.7 -0.3 -40.2 -44.9 89.4 1.004
11.48 -0.7 -0.6 -0.3 -40.4 -45.2 92.4 0.963
11.581 -0.7 -0.7 -0.3 -40.5 -45.2 93.7 0.996
11.68 -0.6 -0.7 -0.3 -40.8 -45.3 96.2 0.969
11.78 -0.7 -0.6 -0.3 -40.8 -45.5 93.4 0.980
11.882 -0.8 -0.6 -0.2 -40.7 -45.6 90.9 0.982
11.979 -0.7 -0.6 -0.2 -40.5 -45.9 91.8 0.974
12.082 -0.7 -0.6 -0.2 -40.7 -45.7 93.4 0.985
12.279 -0.7 -0.6 -0.2 -40.6 -46.0 95.5 0.973
12.38 -0.7 -0.6 -0.2 -40.6 -46.0 96.4 0.977
12.479 -0.7 -0.7 -0.3 -40.9 -45.6 97.3 0.983
12.581 -0.7 -0.7 -0.3 -41.3 -45.3 98.1 0.985
12.68 -0.7 -0.6 -0.2 -41.1 -45.5 97.5 0.967
12.781 -0.7 -0.7 -0.2 -41.2 -45.3 96.7 0.978
12.881 -0.7 -0.7 -0.2 -41.6 -45.0 95.7 0.991
12.981 -0.7 -0.6 -0.2 -41.3 -45.3 94.1 0.961
13.08 -0.7 -0.7 -0.2 -41.3 -45.1 92.4 0.984
13.28 -0.7 -0.7 -0.2 -41.0 -45.5 91.0 0.995
13.379 -0.7 -0.6 -0.2 -40.7 -46.0 91.5 0.980
13.479 -0.7 -0.6 -0.2 -40.7 -46.0 90.7 0.981
13.579 -0.7 -0.6 -0.2 -40.4 -46.2 90.6 0.976
13.677 -0.7 -0.6 -0.2 -40.5 -46.1 91.3 0.978
13.779 -0.7 -0.6 -0.3 -40.7 -45.8 91.3 0.984
13.88 -0.7 -0.6 -0.2 -41.1 -45.3 90.8 0.971
13.979 -0.7 -0.6 -0.2 -41.2 -45.3 90.0 0.981
14.077 -0.7 -0.6 -0.2 -41.0 -45.6 90.9 0.980
14.277 -0.7 -0.6 -0.2 -40.8 -45.9 93.9 0.974
14.378 -0.7 -0.6 -0.2 -40.8 -45.9 94.9 0.977
14.478 -0.7 -0.6 -0.2 -40.9 -45.9 95.7 0.969
14.578 -0.7 -0.7 -0.2 -41.1 -45.7 96.1 0.984
14.678 -0.7 -0.6 -0.2 -41.1 -45.6 96.4 0.980
14.779 -0.7 -0.6 -0.2 -41.1 -45.7 96.7 0.982
14.878 -0.7 -0.6 -0.2 -41.0 -45.7 96.5 0.973
14.976 -0.7 -0.7 -0.2 -41.0 -45.7 96.9 0.979
15.078 -0.7 -0.6 -0.2 -40.9 -45.9 96.9 0.976
15.279 -0.7 -0.6 -0.2 -41.0 -45.9 97.2 0.977
15.379 -0.7 -0.6 -0.2 -41.1 -45.9 97.2 0.977
15.477 -0.7 -0.6 -0.2 -41.2 -45.7 96.7 0.974
15.575 -0.7 -0.6 -0.2 -41.3 -45.5 95.5 0.987
15.675 -0.7 -0.7 -0.2 -41.5 -45.2 95.0 0.987
15.777 -0.7 -0.7 -0.2 -41.6 -45.1 94.9 0.976
15.875 -0.7 -0.8 -0.2 -41.1 -45.2 91.5 1.037
15.977 -0.7 -0.6 -0.3 -37.5 -48.3 88.3 1.014
16.077 -0.7 -0.6 -0.3 -35.7 -50.7 89.1 0.979
16.278 -0.8 -0.5 -0.3 -30.6 -56.3 91.0 0.995
16.374 -1.0 -0.4 -0.2 -29.4 -59.1 95.9 1.077
16.474 -1.1 -0.3 -0.1 -23.9 -65.2 97.1 1.097
16.576 -0.8 -0.5 0.2 -20.8 -69.2 108.6 0.934
16.674 -1.0 -0.2 -0.0 -12.1 -77.9 106.0 1.050
16.781 -0.8 -0.3 0.2 -11.1 -76.4 117.3 0.854
16.877 -0.8 -0.2 0.3 -9.3 -75.0 128.9 0.845
16.977 -0.9 -0.0 0.3 -7.1 -75.8 143.0 0.932
17.074 -1.0 -0.0 0.2 -4.7 -77.3 158.2 0.986
17.277 -1.0 0.0 0.3 -2.7 -77.3 -179.7 0.992
17.379 -0.9 0.0 0.3 -3.2 -77.3 173.3 0.955
17.482 -0.9 -0.2 0.1 -3.9 -78.1 160.6 0.933
17.575 -1.0 0.1 0.1 -4.4 -79.8 140.6 0.997
17.674 -1.0 -0.1 -0.0 -5.1 -80.8 120.0 0.989
17.774 -0.9 -0.0 -0.1 -2.6 -85.4 101.1 0.933
17.875 -0.9 -0.1 -0.1 -3.3 -86.7 94.6 0.877
17.975 -1.1 -0.2 -0.1 -4.1 -85.5 91.2 1.076
18.074 -1.0 0.0 -0.0 -3.0 -86.0 88.4 1.040
18.276 -1.0 0.0 -0.1 -4.9 -83.7 88.5 0.979
18.373 -0.9 -0.1 0.0 -6.1 -83.4 92.1 0.908
18.473 -1.0 -0.1 -0.0 -6.4 -83.4 93.1 0.985
18.575 -1.0 0.1 -0.0 -6.3 -83.7 94.3 0.984
18.673 -0.9 -0.2 -0.0 -5.4 -84.7 94.7 0.945
18.777 -1.0 -0.1 -0.1 -3.6 -86.0 88.7 0.984
18.872 -1.0 0.0 -0.1 -3.6 -84.6 77.6 1.010
18.975 -0.9 -0.2 -0.1 -5.1 -81.6 62.8 0.977
19.071 -1.0 0.1 -0.1 -6.6 -77.9 40.6 0.976
19.271 -1.0 -0.2 -0.2 -6.4 -76.9 50.0 0.991
19.378 -1.0 -0.1 -0.2 -6.3 -78.0 58.4 0.995
19.471 -0.9 -0.1 -0.2 -6.4 -78.8 64.9 0.972
19.572 -0.9 -0.1 -0.2 -6.3 -79.5 70.6 0.955
19.671 -1.0 -0.1 -0.1 -6.1 -79.8 74.0 0.969
19.778 -1.0 -0.1 -0.1 -6.1 -80.8 79.4 0.972
19.871 -1.0 -0.1 -0.1 -6.4 -80.9 82.4 0.983
19.971 -1.0 -0.2 -0.1 -6.5 -81.3 84.9 0.975
20.084 -0.9 -0.1 -0.1 -6.1 -81.9 85.2 0.935
20.272 -1.0 0.0 -0.1 -0.9 -88.0 86.0 0.988
20.372 -1.0 -0.1 -0.1 -0.7 -89.2 91.6 0.989
20.47 -1.0 -0.1 0.1 -2.1 -87.0 96.3 0.991
20.572 -0.9 -0.1 0.1 -3.6 -85.5 97.8 0.953
20.67 -1.0 -0.1 0.2 -4.8 -84.3 99.3 1.012
20.772 -1.0 -0.1 0.2 -5.6 -82.7 102.3 1.002
20.876 -0.9 -0.0 0.1 -5.7 -81.2 105.9 0.899
20.972 -1.0 0.0 0.2 -4.8 -81.1 106.8 0.993
21.071 -0.9 0.1 0.2 -3.5 -81.1 106.4 0.956
21.272 -1.0 0.0 0.2 -2.4 -81.8 104.2 0.986
21.371 -1.0 0.0 0.1 -0.1 -81.3 102.0 1.013
21.469 -1.0 -0.1 0.0 0.5 -81.3 100.1 1.033
21.568 -0.9 -0.1 0.0 0.2 -82.7 97.6 0.944
21.668 -1.0 -0.0 -0.0 -0.2 -86.5 93.7 0.974
21.77 -1.0 0.1 -0.0 -0.4 -88.5 91.8 0.971
21.872 -1.0 -0.0 -0.1 -0.4 -89.6 90.3 1.015
21.973 -1.0 -0.1 0.0 -1.2 -88.6 92.1 1.037
22.071 -1.0 0.1 -0.0 -2.1 -87.9 92.6 0.967
22.269 -1.0 -0.0 -0.0 -2.6 -87.0 94.4 0.962
22.373 -1.0 -0.0 0.0 -2.7 -86.9 94.6 0.952
22.468 -1.0 -0.2 0.0 -3.7 -85.7 96.3 1.043
22.567 -1.0 -0.2 0.1 -5.4 -83.7 99.2 0.980
22.667 -1.0 0.0 0.2 -6.6 -81.6 102.9 0.987
22.773 -0.9 -0.1 0.2 -6.0 -81.2 103.9 0.933
22.868 -0.9 -0.2 0.1 -5.3 -81.4 103.7 0.954
22.972 -0.8 -0.1 0.2 -4.4 -82.3 102.6 0.860
23.067 -0.9 -0.0 0.1 -3.4 -82.5 102.1 0.958
23.271 -1.0 -0.0 0.1 -2.5 -83.6 99.9 0.976
23.368 -1.0 -0.0 0.1 -2.2 -84.0 99.2 0.965
23.467 -1.0 -0.0 0.1 -2.1 -84.4 98.5 0.965
23.567 -1.0 -0.0 0.1 -2.0 -84.6 98.1 0.974
23.668 -1.0 -0.0 0.1 -1.7 -85.1 97.3 0.970
23.766 -1.0 -0.0 0.1 -1.5 -85.4 96.6 0.957
23.871 -1.0 -0.0 0.0 -1.2 -85.7 95.8 0.976
23.966 -1.0 -0.0 0.1 -1.3 -85.8 95.6 0.963
24.069 -1.0 -0.0 0.1 -1.3 -85.9 95.5 0.977
24.267 -1.0 -0.0 0.1 -1.2 -85.7 95.7 0.967
24.369 -1.0 -0.0 0.1 -1.0 -85.4 95.8 0.974
24.467 -1.0 -0.0 0.1 -0.9 -85.3 95.9 0.972
24.567 -1.0 -0.0 0.1 -0.8 -85.2 96.0 0.975
24.665 -1.0 -0.0 0.1 -0.8 -85.1 96.1 0.973
24.766 -1.0 -0.0 0.1 -0.8 -85.0 96.3 0.973
24.867 -1.0 -0.0 0.1 -1.1 -85.0 96.6 0.971
24.965 -1.0 -0.0 0.1 -1.3 -84.9 96.8 0.966
25.067 -1.0 -0.0 0.1 -1.0 -84.8 96.9 0.970
25.266 -1.0 -0.0 0.1 -0.7 -84.5 97.0 0.977
25.368 -1.0 -0.0 0.1 -0.5 -84.3 97.2 0.968
25.466 -1.0 -0.0 0.1 -0.3 -84.1 97.3 0.972
25.564 -1.0 0.0 0.1 -0.1 -83.9 97.4 0.969
25.663 -1.0 -0.0 0.1 0.3 -83.7 97.4 0.973
25.764 -1.0 0.0 0.1 0.6 -83.5 97.5 0.976
25.867 -1.0 0.0 0.1 0.8 -83.3 97.5 0.979
25.966 -1.0 0.0 0.1 1.1 -83.2 97.5 0.979
26.064 -1.0 0.0 0.1 1.1 -83.2 97.5 0.969
26.269 -1.0 0.0 0.1 1.0 -83.2 97.7 0.976
26.361 -1.0 0.0 0.1 1.0 -83.2 97.8 0.968
26.469 -1.0 0.0 0.1 1.0 -83.1 97.8 0.971
26.569 -1.0 0.0 0.1 1.0 -83.0 97.9 0.977
26.664 -1.0 0.0 0.1 1.0 -83.0 97.9 0.972
26.762 -1.0 0.0 0.1 1.1 -82.9 98.0 0.971
26.864 -1.0 0.0 0.1 1.0 -82.9 98.1 0.978
26.965 -1.0 0.0 0.1 1.0 -82.8 98.3 0.969
27.061 -1.0 -0.0 0.1 0.8 -82.7 98.8 0.986
27.265 -0.9 -0.1 0.0 -3.6 -84.2 99.8 0.903
27.368 -1.0 -0.1 -0.1 -6.3 -83.8 96.4 0.976
27.462 -1.0 -0.1 -0.1 -7.0 -82.3 93.1 1.060
27.566 -1.0 -0.1 -0.1 -5.8 -83.8 92.7 0.980
27.662 -0.9 -0.2 -0.2 -5.6 -84.4 94.5 0.971
27.768 -0.9 -0.2 0.0 -7.1 -82.7 100.2 0.977
27.863 -1.2 0.1 0.2 -6.6 -83.1 100.3 1.225
27.967 -0.9 0.1 0.3 -4.1 -83.9 102.3 1.005
28.062 -0.8 -0.1 0.1 -3.8 -82.5 104.7 0.835
28.266 -0.9 -0.2 0.2 -2.7 -83.2 104.1 0.952
28.365 -1.0 -0.1 0.2 -2.1 -84.0 103.2 0.976
28.466 -1.0 -0.1 0.1 -2.3 -85.1 101.5 1.018
28.562 -0.9 0.1 -0.1 -4.0 -85.6 98.2 0.905
28.663 -1.3 0.2 -0.1 -4.3 -85.7 95.0 1.367
28.76 -0.9 0.0 -0.2 -4.4 -85.3 91.5 0.888
28.866 -1.0 -0.0 -0.1 -4.2 -84.5 89.4 0.986
28.959 -1.0 -0.1 -0.1 -4.4 -84.0 88.7 0.971
29.065 -1.0 0.0 -0.1 -4.2 -84.7 89.5 1.009
29.268 -0.9 -0.2 -0.1 -5.4 -84.7 95.8 0.955
29.36 -1.0 -0.0 0.1 -5.5 -84.4 97.5 0.980
29.461 -1.0 -0.1 0.1 -5.7 -84.1 98.1 0.986
29.559 -1.0 -0.1 0.1 -6.4 -83.4 99.3 0.961
29.659 -0.9 -0.1 0.0 -7.3 -82.6 99.8 0.947
29.762 -0.9 -0.2 0.0 -8.5 -81.5 100.1 0.963
29.864 -0.9 -0.2 -0.0 -10.5 -79.5 100.4 0.959
29.966 -0.9 -0.4 -0.1 -14.2 -75.5 99.3 1.013
30.06 -0.9 -0.4 -0.1 -20.2 -68.7 98.2 0.961
30.264 -0.6 -0.5 -0.2 -46.0 -37.1 90.4 0.782
30.364 -0.3 -0.7 -0.2 -58.4 -17.7 83.8 0.758
30.565 -0.2 -0.8 -0.5 -60.9 13.5 70.5 0.939
30.669 -0.1 -0.8 -0.4 -58.6 18.3 68.4 0.939
30.762 1.3 -1.5 -0.2 -63.3 15.1 66.6 2.017
30.857 0.8 -1.6 -0.4 -70.8 8.6 56.3 1.815
30.96 0.9 -0.8 0.0 -69.4 12.8 53.5 1.234
31.059 0.4 -0.2 0.0 -68.6 13.8 51.6 0.461
31.161 0.1 -0.2 0.1 -67.4 5.8 56.1 0.284
31.258 -0.1 -0.7 -0.2 -59.2 -11.6 64.7 0.790
31.361 -1.2 -1.7 -0.7 -49.6 -29.7 73.1 2.191
31.558 -0.8 -0.6 -0.3 -43.0 -41.8 91.5 1.075
31.662 -0.7 -0.6 -0.1 -41.7 -44.3 100.0 0.889
31.76 -0.5 -0.4 -0.1 -38.2 -48.2 102.8 0.654
31.859 -0.5 -0.3 -0.3 -32.0 -54.4 100.7 0.650
31.958 -0.6 -0.4 -0.3 -28.4 -57.8 100.1 0.806
32.06 -0.7 -0.4 -0.3 -27.7 -57.7 99.5 0.879
32.159 -0.8 -0.4 -0.3 -28.4 -57.2 99.7 0.912
32.256 -0.9 -0.2 -0.2 -30.4 -56.1 100.7 0.983
32.363 -0.8 -0.6 -0.3 -34.1 -51.7 102.4 1.017
32.561 -0.7 -0.8 -0.2 -40.9 -45.2 107.0 1.058
32.656 -0.6 -0.7 -0.2 -43.6 -43.1 107.1 0.945
32.763 -0.6 -0.7 -0.1 -45.6 -41.3 106.1 0.958
32.858 -0.6 -0.8 -0.2 -46.7 -40.1 102.9 0.989
32.956 -0.5 -0.7 -0.1 -47.8 -38.6 101.8 0.852
33.059 -0.6 -1.0 -0.2 -47.5 -38.6 101.0 1.156
33.159 -0.5 -0.6 -0.2 -47.0 -39.5 102.1 0.836
33.258 -0.6 -0.9 -0.3 -47.0 -39.6 105.7 1.090
33.36 -0.6 -0.7 -0.2 -45.8 -41.2 107.9 0.943
33.558 -0.7 -0.7 -0.2 -45.2 -42.1 110.3 0.978
33.656 -0.6 -0.7 -0.2 -45.5 -42.0 111.7 0.994
33.757 -0.7 -0.7 -0.2 -45.8 -41.9 112.6 0.980
33.856 -0.6 -0.7 -0.2 -45.8 -42.0 113.2 0.986
33.957 -0.7 -0.7 -0.2 -46.4 -41.7 114.5 0.963
34.056 -0.6 -0.7 -0.2 -45.7 -42.5 114.6 0.975
34.156 -0.7 -0.7 -0.2 -45.8 -42.5 115.3 0.993
34.255 -0.7 -0.7 -0.2 -45.6 -42.8 115.8 0.970
34.356 -0.7 -0.7 -0.2 -45.3 -43.1 116.4 0.979
34.555 -0.7 -0.7 -0.2 -45.2 -43.2 117.6 0.976
34.655 -0.7 -0.7 -0.2 -45.2 -43.3 117.7 0.978
34.758 -0.7 -0.7 -0.2 -45.2 -43.3 118.0 0.983
34.855 -0.7 -0.7 -0.2 -45.0 -43.6 118.2 0.981
34.956 -0.7 -0.7 -0.1 -45.0 -43.7 118.5 0.976
35.056 -0.7 -0.7 -0.1 -44.9 -43.9 118.6 0.970
35.166 -0.7 -0.7 -0.2 -44.7 -44.0 118.4 0.980
35.256 -0.7 -0.7 -0.1 -44.6 -44.1 118.7 0.977
35.356 -0.7 -0.7 -0.2 -44.5 -44.2 119.0 0.984
35.558 -0.7 -0.7 -0.2 -44.5 -44.1 118.8 0.983
35.653 -0.7 -0.7 -0.2 -44.5 -44.1 118.9 0.981
35.758 -0.7 -0.7 -0.2 -44.5 -44.1 119.0 0.981
35.856 -0.7 -0.7 -0.1 -44.5 -44.2 119.1 0.982
