MPU6050 - 04/15/2018 22:55:02
0.031 -0.6 -0.6 -0.4 -40.9 -39.5 94.2 0.983
0.13 -0.6 -0.6 -0.4 -41.0 -39.4 94.1 0.964
0.232 -0.6 -0.6 -0.4 -41.0 -39.4 93.6 0.990
0.331 -0.6 -0.7 -0.4 -41.1 -39.3 93.6 0.990
0.531 -0.6 -0.7 -0.4 -42.9 -38.7 95.9 0.974
0.633 -0.7 -0.7 -0.3 -42.7 -39.6 96.8 0.992
0.735 -0.8 -0.5 -0.3 -40.3 -43.0 97.7 0.989
0.833 -0.7 -0.6 -0.2 -37.3 -47.1 100.7 0.983
0.937 -0.8 -0.5 -0.2 -33.0 -52.5 101.7 0.950
1.031 -0.8 -0.7 -0.4 -27.7 -57.8 100.1 1.134
1.132 -0.9 -0.2 -0.3 -22.2 -63.1 96.7 0.968
1.233 -0.9 -0.2 -0.3 -17.1 -67.7 94.1 0.973
1.332 -0.9 -0.2 -0.4 -12.6 -70.7 91.0 1.011
1.53 -0.9 -0.2 -0.3 -7.8 -75.2 88.3 0.940
1.63 -0.9 -0.2 -0.3 -7.1 -75.0 86.0 0.940
1.73 -0.9 -0.2 -0.3 -10.9 -70.7 85.7 1.014
1.83 -0.9 -0.3 -0.3 -21.3 -61.1 90.2 1.010
1.929 -0.8 -0.2 -0.3 -30.3 -52.3 94.7 0.908
2.03 -0.8 -0.5 -0.4 -35.5 -45.9 97.6 1.033
2.129 -0.7 -0.7 -0.4 -37.5 -42.7 97.8 1.061
2.231 -0.7 -0.6 -0.4 -37.6 -41.8 97.4 0.991
2.33 -0.6 -0.7 -0.4 -37.4 -41.2 97.2 1.070
2.53 -0.6 -0.7 -0.4 -38.8 -40.6 98.3 1.008
2.63 -0.6 -0.7 -0.4 -39.7 -40.2 98.1 0.996
2.729 -0.6 -0.6 -0.4 -40.4 -39.8 97.4 0.968
2.83 -0.6 -0.7 -0.4 -40.1 -39.8 96.0 1.001
2.928 -0.6 -0.6 -0.4 -39.2 -39.8 93.9 0.984
3.029 -0.6 -0.6 -0.4 -38.6 -40.0 92.7 0.974
3.128 -0.6 -0.6 -0.4 -38.9 -40.1 93.1 0.959
3.227 -0.6 -0.6 -0.4 -39.6 -39.9 92.6 0.987
3.327 -0.6 -0.6 -0.4 -39.1 -40.3 92.3 0.959
3.533 -0.6 -0.6 -0.4 -38.9 -40.4 91.9 0.991
3.629 -0.6 -0.6 -0.4 -38.8 -40.6 91.8 0.977
3.726 -0.6 -0.6 -0.4 -38.6 -40.7 91.3 0.984
3.828 -0.6 -0.6 -0.4 -38.2 -41.2 90.5 0.989
3.927 -0.7 -0.6 -0.5 -36.8 -42.2 86.8 0.995
4.03 -0.7 -0.5 -0.4 -36.9 -42.1 85.5 0.962
4.127 -0.7 -0.5 -0.4 -37.5 -41.7 85.8 0.967
4.228 -0.7 -0.6 -0.4 -38.3 -40.8 86.3 0.998
4.326 -0.6 -0.6 -0.4 -38.5 -40.7 86.9 0.962
4.526 -0.6 -0.6 -0.4 -38.2 -41.0 88.1 0.966
4.627 -0.6 -0.6 -0.4 -38.3 -40.9 87.6 0.982
4.729 -0.6 -0.6 -0.4 -38.4 -40.7 87.0 0.980
4.826 -0.6 -0.6 -0.4 -38.5 -40.6 86.5 0.979
4.926 -0.6 -0.6 -0.4 -38.6 -40.5 86.1 0.980
5.026 -0.6 -0.6 -0.4 -38.7 -40.5 86.7 0.972
5.127 -0.6 -0.6 -0.4 -38.8 -40.4 86.8 0.975
5.228 -0.6 -0.6 -0.4 -38.9 -40.3 86.8 0.980
5.326 -0.6 -0.6 -0.4 -38.9 -40.4 87.2 0.973
5.527 -0.6 -0.6 -0.4 -39.1 -40.2 87.2 0.978
5.626 -0.6 -0.6 -0.4 -39.0 -40.3 87.1 0.980
5.727 -0.6 -0.6 -0.4 -39.0 -40.3 87.1 0.973
5.826 -0.6 -0.6 -0.4 -38.9 -40.3 86.8 0.976
5.926 -0.6 -0.6 -0.4 -38.9 -40.3 86.6 0.982
6.025 -0.6 -0.6 -0.4 -38.9 -40.2 86.5 0.977
6.126 -0.6 -0.6 -0.4 -39.0 -40.2 86.5 0.983
6.224 -0.6 -0.6 -0.4 -39.0 -40.2 86.6 0.979
6.324 -0.6 -0.6 -0.4 -39.0 -40.1 86.6 0.982
6.525 -0.6 -0.6 -0.4 -39.1 -40.0 86.8 0.978
6.625 -0.6 -0.6 -0.4 -39.1 -40.0 86.7 0.978
6.726 -0.6 -0.6 -0.4 -39.1 -40.0 86.7 0.975
6.825 -0.6 -0.6 -0.4 -39.1 -40.0 86.5 0.979
6.924 -0.6 -0.6 -0.4 -39.1 -40.0 86.3 0.981
7.025 -0.6 -0.6 -0.4 -39.1 -39.9 86.2 0.982
7.125 -0.6 -0.6 -0.4 -39.1 -39.9 85.9 0.978
7.225 -0.6 -0.6 -0.4 -39.1 -39.9 85.9 0.983
7.325 -0.6 -0.6 -0.4 -39.1 -39.9 86.0 0.978
7.527 -0.6 -0.6 -0.4 -39.1 -39.9 86.1 0.978
7.627 -0.6 -0.6 -0.4 -39.1 -39.9 86.0 0.982
7.725 -0.6 -0.6 -0.4 -39.1 -39.8 86.1 0.981
7.822 -0.6 -0.6 -0.4 -39.1 -39.8 86.4 0.978
7.922 -0.6 -0.6 -0.4 -39.1 -39.8 86.4 0.980
8.023 -0.6 -0.6 -0.4 -39.0 -39.9 86.3 0.980
8.124 -0.6 -0.6 -0.4 -39.0 -39.9 86.5 0.979
8.224 -0.6 -0.6 -0.4 -39.0 -39.9 86.3 0.979
8.323 -0.6 -0.6 -0.4 -39.0 -39.9 86.2 0.979
8.523 -0.6 -0.6 -0.4 -39.0 -39.9 86.2 0.980
8.622 -0.6 -0.6 -0.4 -39.0 -39.9 86.3 0.985
8.725 -0.6 -0.6 -0.4 -39.1 -39.8 86.5 0.984
8.825 -0.6 -0.6 -0.4 -39.2 -39.8 86.8 0.981
8.923 -0.6 -0.6 -0.4 -39.3 -39.8 87.2 0.987
9.025 -0.7 -0.6 -0.4 -39.3 -40.3 88.5 0.991
9.124 -0.7 -0.6 -0.4 -38.6 -41.7 91.2 0.987
9.226 -0.8 -0.5 -0.4 -36.8 -44.9 95.7 1.050
9.324 -0.8 -0.6 -0.4 -33.1 -50.2 99.3 1.016
9.526 -0.9 -0.4 -0.3 -28.2 -56.2 99.0 0.997
9.622 -0.8 -0.5 -0.3 -27.3 -56.9 99.0 0.996
9.726 -0.8 -0.4 -0.3 -27.7 -56.7 99.7 0.946
9.822 -0.8 -0.5 -0.3 -28.9 -55.4 100.7 0.964
9.926 -0.7 -0.4 -0.3 -30.2 -53.7 101.7 0.920
10.022 -0.8 -0.5 -0.3 -30.8 -51.4 100.6 0.983
10.123 -0.8 -0.5 -0.4 -31.3 -49.5 98.5 1.044
10.224 -0.8 -0.5 -0.4 -30.2 -48.7 96.2 0.997
10.322 -0.7 -0.5 -0.4 -30.8 -48.2 96.7 0.973
10.522 -0.7 -0.5 -0.4 -32.3 -46.7 96.6 0.974
10.624 -0.7 -0.5 -0.4 -32.6 -45.9 95.4 0.970
10.72 -0.7 -0.5 -0.4 -33.1 -45.1 94.0 0.986
10.821 -0.7 -0.5 -0.4 -33.3 -45.0 93.4 0.980
10.92 -0.7 -0.5 -0.4 -33.2 -45.1 93.0 0.974
11.021 -0.7 -0.5 -0.4 -33.0 -45.3 93.1 0.974
11.12 -0.7 -0.5 -0.4 -32.8 -45.8 93.6 0.975
11.221 -0.7 -0.6 -0.4 -32.6 -46.1 94.1 0.974
11.319 -0.7 -0.6 -0.4 -33.1 -46.3 95.4 0.974
11.521 -0.7 -0.5 -0.4 -33.3 -46.5 95.8 0.975
11.62 -0.7 -0.5 -0.4 -33.2 -46.5 95.8 0.977
11.722 -0.7 -0.5 -0.4 -33.2 -46.5 95.7 0.982
11.818 -0.7 -0.5 -0.4 -33.3 -46.4 95.4 0.982
11.918 -0.7 -0.5 -0.4 -33.3 -46.5 95.3 0.974
12.02 -0.7 -0.6 -0.4 -33.0 -46.7 95.4 0.969
12.118 -0.8 -0.5 -0.4 -32.9 -47.7 96.4 0.982
12.219 -0.9 -0.4 -0.3 -30.9 -51.0 98.2 0.994
12.32 -0.9 -0.4 -0.3 -26.3 -56.8 98.2 1.003
12.52 -0.8 -0.4 -0.2 -14.7 -72.7 96.2 0.886
12.622 -1.0 -0.2 -0.2 -10.2 -78.4 94.4 1.006
12.718 -1.0 -0.2 -0.1 -7.8 -80.8 92.1 0.984
12.817 -1.0 0.0 -0.0 -6.3 -83.5 94.0 0.955
12.918 -0.9 -0.2 -0.0 -6.8 -81.8 90.9 0.914
13.02 -0.9 -0.2 -0.1 -6.7 -81.4 89.5 0.932
13.119 -1.0 -0.1 -0.1 -5.8 -82.6 89.4 0.973
13.218 -0.9 -0.1 -0.1 -5.7 -82.9 89.7 0.937
13.318 -1.0 -0.0 -0.1 -5.1 -83.1 89.0 0.991
13.516 -0.9 -0.1 -0.1 -4.2 -83.0 86.7 0.960
13.618 -0.9 -0.1 -0.1 -3.5 -82.6 84.1 0.958
13.72 -1.0 0.0 -0.1 -1.8 -82.9 81.0 1.000
13.819 -1.0 0.0 -0.2 -0.9 -82.4 79.4 0.970
13.919 -0.9 -0.1 -0.1 -1.4 -82.6 80.9 0.948
14.016 -1.0 -0.0 -0.2 -1.7 -82.7 80.9 1.020
14.12 -1.0 -0.0 -0.2 -2.7 -83.0 82.7 1.002
14.215 -1.0 -0.1 -0.1 -4.3 -83.2 85.7 1.002
14.318 -0.9 -0.1 -0.1 -5.6 -83.5 90.6 0.945
14.518 -0.9 -0.1 0.2 -10.0 -79.2 104.5 0.976
14.618 -0.9 -0.1 0.2 -10.9 -78.2 106.6 0.920
14.721 -0.9 -0.1 0.2 -9.6 -79.1 105.8 0.930
14.817 -0.9 -0.2 0.2 -8.4 -79.4 105.9 0.933
14.915 -0.9 -0.2 0.2 -8.0 -78.8 106.9 0.995
15.018 -0.9 -0.1 0.1 -6.9 -79.4 107.3 0.937
15.116 -1.0 0.0 0.2 -4.7 -80.4 105.9 0.988
15.217 -1.1 -0.2 0.0 -3.1 -82.6 102.5 1.092
15.315 -1.1 -0.0 -0.0 -3.0 -84.6 99.7 1.133
15.514 -0.9 -0.1 -0.1 -4.2 -85.7 92.9 0.942
15.616 -1.0 0.0 -0.1 -3.0 -86.1 90.5 0.975
15.717 -1.0 -0.1 -0.1 -3.2 -85.6 90.2 0.976
15.815 -1.0 -0.1 -0.0 -3.7 -85.8 91.8 0.975
15.915 -1.0 -0.2 -0.0 -4.8 -85.2 94.3 0.996
16.014 -1.0 -0.1 0.0 -5.4 -84.7 95.9 0.970
16.117 -1.0 -0.1 0.1 -5.2 -84.6 97.1 0.957
16.214 -0.9 -0.1 0.1 -5.2 -84.4 97.8 0.951
16.315 -1.0 -0.1 0.1 -5.4 -84.0 98.8 0.980
16.515 -0.9 -0.1 0.1 -5.7 -83.6 99.2 0.938
16.615 -1.0 -0.1 -0.0 -6.1 -83.7 97.9 1.012
16.715 -0.9 -0.1 -0.1 -6.3 -83.7 95.8 0.936
16.814 -1.0 -0.0 -0.0 -6.2 -83.6 94.5 0.989
16.916 -1.0 -0.0 -0.1 -5.9 -83.6 93.4 0.961
17.013 -1.0 -0.1 0.0 -5.7 -83.9 93.6 0.999
17.114 -0.9 -0.2 -0.0 -7.3 -82.7 96.8 0.932
17.215 -1.0 -0.3 -0.0 -8.5 -81.5 98.3 1.034
17.315 -0.9 -0.3 -0.0 -9.8 -80.2 100.9 0.944
17.514 -0.9 -0.2 0.2 -10.3 -79.0 105.4 0.953
17.615 -0.9 -0.1 0.2 -9.8 -79.0 106.0 0.934
17.712 -0.8 -0.1 0.2 -9.4 -79.3 105.3 0.878
17.815 -1.0 -0.2 0.1 -8.4 -80.9 102.4 0.972
17.912 -1.0 -0.1 0.0 -7.2 -81.8 101.1 0.981
18.016 -1.0 -0.1 0.0 -6.1 -82.8 99.4 1.000
18.114 -1.0 -0.2 -0.0 -6.1 -82.6 99.2 1.016
18.214 -1.0 -0.1 0.0 -7.3 -80.8 100.9 1.020
18.312 -1.0 -0.2 0.0 -9.4 -78.0 103.6 0.995
18.514 -0.5 -0.2 0.1 -15.5 -69.4 111.4 0.496
18.615 -0.6 -0.3 0.3 -19.7 -64.7 115.5 0.742
18.714 -0.4 -0.4 0.2 -24.5 -59.1 119.9 0.618
18.813 -0.4 -0.3 0.2 -27.7 -56.2 122.8 0.545
18.917 -0.8 -0.2 0.2 -25.6 -58.0 121.8 0.799
19.011 -0.9 0.0 0.2 -16.7 -62.1 115.8 0.925
19.111 -2.0 -0.4 1.3 -3.8 -59.8 109.0 2.410
19.21 -1.0 0.1 1.2 3.6 -51.2 111.2 1.537
19.312 -0.3 0.2 0.7 5.6 -47.9 115.9 0.781
19.512 -0.6 0.2 0.6 5.7 -45.3 121.1 0.888
19.612 -0.7 0.2 0.8 7.2 -45.3 120.5 1.045
19.713 -0.6 0.2 0.7 8.0 -46.4 119.1 0.972
19.809 -0.7 0.2 0.6 7.5 -51.2 117.1 0.948
19.909 -0.8 0.3 0.3 5.2 -59.3 113.0 0.916
20.011 -1.0 0.1 0.1 0.8 -70.3 107.9 0.982
20.112 -1.2 -0.1 -0.0 -1.9 -80.3 101.1 1.214
20.214 -1.4 -0.3 -0.1 -8.5 -81.5 98.0 1.494
20.314 -1.2 -0.4 -0.3 -17.8 -70.7 101.7 1.262
20.511 -0.8 -0.6 -0.3 -32.1 -55.0 109.6 1.029
20.616 -0.7 -0.6 -0.2 -36.9 -49.3 110.5 0.934
20.711 -0.6 -0.5 -0.2 -40.6 -44.8 111.9 0.776
20.811 -0.5 -0.6 -0.3 -42.6 -42.6 112.8 0.774
20.909 -0.5 -0.6 -0.2 -43.1 -42.5 112.8 0.828
21.012 -0.4 -0.5 -0.2 -41.9 -43.8 110.4 0.674
21.111 -0.6 -0.7 -0.2 -41.8 -44.6 111.5 0.944
21.21 -0.7 -0.6 -0.2 -41.7 -44.6 109.9 0.952
21.309 -0.7 -0.7 -0.2 -41.8 -44.4 109.7 0.978
21.511 -0.7 -0.7 -0.2 -43.3 -43.5 111.3 1.003
21.613 -0.7 -0.6 -0.2 -43.7 -43.4 112.0 0.970
21.71 -0.7 -0.7 -0.2 -44.0 -43.4 113.1 1.013
21.81 -0.6 -0.7 -0.1 -44.5 -43.1 114.6 0.929
21.909 -0.6 -0.6 -0.3 -43.7 -43.3 112.5 0.931
22.014 -0.6 -0.8 -0.2 -44.8 -42.0 112.5 1.002
22.108 -0.7 -0.7 -0.3 -43.8 -43.2 112.3 0.993
22.211 -0.7 -0.6 -0.4 -41.2 -45.0 108.6 1.049
22.31 -0.6 -0.6 -0.3 -38.8 -46.5 108.2 0.932
22.512 -0.7 -0.5 -0.3 -38.5 -46.1 106.7 0.970
22.61 -0.7 -0.6 -0.3 -37.8 -46.8 105.9 0.948
22.711 -0.7 -0.6 -0.2 -38.7 -46.1 106.7 0.957
22.81 -0.7 -0.6 -0.3 -38.7 -45.8 105.5 1.000
22.909 -0.7 -0.6 -0.3 -38.9 -46.0 105.8 0.961
23.009 -0.7 -0.6 -0.3 -38.7 -46.2 105.7 0.974
23.107 -0.7 -0.6 -0.3 -38.5 -46.3 105.7 0.981
23.209 -0.7 -0.6 -0.3 -38.7 -46.3 105.5 0.985
23.309 -0.7 -0.6 -0.3 -38.6 -46.4 105.1 0.989
23.509 -0.7 -0.6 -0.3 -38.5 -46.6 104.9 0.981
23.611 -0.7 -0.6 -0.3 -38.5 -46.8 104.7 0.973
23.709 -0.7 -0.6 -0.3 -37.9 -47.2 103.6 0.973
23.81 -0.7 -0.6 -0.3 -37.8 -47.2 103.3 0.979
23.908 -0.7 -0.6 -0.3 -37.9 -46.9 103.7 0.987
24.006 -0.7 -0.6 -0.3 -38.0 -46.7 104.1 0.997
24.108 -0.7 -0.6 -0.3 -38.0 -46.7 104.4 0.975
