MPU6050 - 2017-05-06 22:41:54
0.089 0.06611 0.09415 -2.46859 -0.11926 -0.00928 0.96008 7.01220 5.30488 8.17073 
0.142 0.06493 0.09277 -2.46950 -0.10864 -0.02405 0.96179 9.45122 4.39024 9.08537 
0.195 0.05634 0.09084 -2.46969 -0.03906 -0.06445 0.95605 -8.10976 -6.15854 6.89024 
0.246 0.05425 0.09078 -2.46968 -0.11096 -0.00146 0.95801 5.42683 5.42683 7.98780 
0.3 0.05362 0.09088 -2.46982 -0.10925 -0.00098 0.96399 6.95122 5.73171 8.10976 
0.353 0.05297 0.09085 -2.46987 -0.10706 -0.00439 0.95898 9.02439 7.25610 7.98780 
0.412 0.05281 0.09077 -2.46988 -0.09912 -0.01306 0.95837 7.74390 6.52439 8.04878 
0.472 0.05246 0.09089 -2.46990 -0.10242 -0.01282 0.95752 7.86585 6.52439 8.04878 
0.527 0.05208 0.09090 -2.47006 -0.09521 -0.01660 0.95630 7.62195 6.34146 8.04878 
0.583 0.05219 0.09086 -2.47005 -0.10132 -0.01550 0.95764 7.68293 6.52439 8.10976 
0.639 0.05208 0.09090 -2.47006 -0.09863 -0.01636 0.96179 7.62195 6.40244 8.10976 
0.695 0.04444 0.08604 -2.46947 -0.04285 -0.08240 0.94873 5.24390 -0.73171 7.43902 
0.751 0.03846 0.08450 -2.46956 -0.02356 -0.06470 0.94690 -1.52439 4.69512 8.71951 
0.813 0.04691 0.08815 -2.46875 -0.13269 0.04565 0.96960 7.56098 6.40244 8.23171 
0.886 0.04589 0.08825 -2.46892 -0.13977 0.10901 0.97034 8.96342 4.81707 9.63415 
0.946 0.02323 0.09148 -2.47358 -0.08679 -0.23242 0.84180 -4.39024 -2.80488 7.07317 
1.012 0.01655 0.09561 -2.47292 0.15186 -0.02173 1.12341 -30.48781 35.30488 17.68293 
1.072 -0.01501 0.12883 -2.47715 -0.00879 -0.21277 1.65198 28.96342 12.62195 5.18293 
1.13 0.05397 0.07444 -2.46959 0.07520 -0.06506 1.45935 139.63416 27.01220 4.02439 
1.187 0.14604 0.00332 -2.45829 0.07263 -0.01770 0.98230 193.65854 -9.08537 -3.04878 
1.244 0.24517 -0.11466 -2.44300 -0.12952 0.12036 0.17981 152.68294 -34.69512 -28.17073 
1.303 0.29578 -0.17270 -2.41379 -0.52905 0.22717 -0.43237 -17.37805 26.21951 -35.00000 
1.364 0.28395 -0.08882 -2.36529 -0.37939 0.09290 0.59973 -178.29269 19.75610 -35.42683 
1.422 0.19178 0.03311 -2.32428 0.19141 -0.00317 1.99994 -41.52439 36.15854 -23.29268 
1.482 0.20549 -0.01157 -2.31307 -0.00049 0.16321 1.69324 141.70732 -18.23171 3.41463 
1.542 0.28491 -0.11979 -2.31686 -0.17749 0.27087 0.52087 160.42683 31.40244 9.20732 
1.601 0.37246 -0.14943 -2.31884 -0.46863 0.30811 -0.17749 27.92683 22.80488 -11.52439 
1.662 0.38366 -0.13322 -2.29566 -0.57080 0.05627 0.09021 -52.86586 -4.39024 2.56098 
1.724 0.33014 -0.06299 -2.29142 0.19043 0.07690 1.19885 -117.25610 13.23171 10.36585 
1.842 0.25448 0.01128 -2.27501 0.05762 0.23120 1.99994 -17.98780 33.10976 -24.08537 
1.912 0.29570 -0.06377 -2.26744 -0.37842 0.23730 1.03821 187.68294 -32.31707 17.98780 
1.98 0.39083 -0.13503 -2.28424 -0.67969 0.22644 -0.25964 7.25610 80.48781 12.92683 
2.066 0.40229 -0.04588 -2.28378 -0.57568 0.02917 0.08496 -104.57317 6.95122 19.81707 
2.124 0.31854 0.02592 -2.29267 0.46692 0.06311 1.38818 -95.85366 -30.97561 6.21951 
2.184 0.22192 0.03087 -2.27983 0.35327 0.28406 1.99994 -1.70732 -30.91463 -33.84146 
2.242 0.22692 -0.06423 -2.25073 -0.27222 0.22876 1.35779 196.52440 -46.46342 -17.07317 
2.297 0.31439 -0.16136 -2.24409 -0.42542 0.23950 0.56250 67.13415 83.23171 -6.64634 
2.355 0.40902 -0.11914 -2.23954 -0.37769 0.25391 0.58289 29.63415 94.45123 -10.60976 
2.413 0.45988 -0.12397 -2.23218 -0.33582 0.17700 0.21326 57.68293 -18.35366 4.81707 
2.474 0.46175 -0.16643 -2.23513 -0.12183 0.17346 -0.12622 -9.81707 -40.42683 22.86585 
2.536 0.39695 -0.14453 -2.23342 -0.09888 0.17236 0.30615 -102.13415 -39.26830 10.06098 
2.594 0.29869 -0.08816 -2.21789 -0.15930 0.15796 1.05823 -111.64635 -40.54878 -4.75610 
2.656 0.21278 -0.02778 -2.20050 -0.08826 0.22815 1.99994 -80.12196 -1.89024 -5.67073 
2.718 0.18681 -0.01355 -2.19373 -0.05933 0.18396 1.99994 47.92683 -7.13415 5.73171 
2.779 0.21892 -0.08032 -2.19082 -0.13892 0.17493 1.34180 114.75610 15.36585 -1.82927 
2.844 0.28565 -0.13420 -2.18773 -0.09814 0.18945 0.85046 88.47561 53.71951 -9.02439 
2.928 0.35005 -0.15529 -2.17854 -0.21387 0.22900 0.64148 60.91463 50.91463 -17.98780 
2.991 0.40528 -0.17401 -2.16681 -0.26135 0.16907 0.19702 43.65854 31.03659 -12.37805 
3.052 0.42948 -0.17412 -2.15873 -0.33997 0.10095 0.00330 -19.87805 16.52439 3.59756 
3.119 0.40676 -0.12744 -2.15426 -0.28015 0.14343 0.27551 -90.12196 -28.04878 17.80488 
3.187 0.32046 -0.08200 -2.15249 -0.21594 0.16797 0.87219 -79.14635 -73.90244 16.82927 
3.246 0.22195 -0.06058 -2.15650 0.04834 0.19446 1.52100 -69.26830 -50.24390 22.80488 
3.315 0.16303 -0.02677 -2.15831 0.10217 0.20129 1.99994 -34.87805 14.69512 3.90244 
3.377 0.16987 -0.04928 -2.15322 -0.12354 0.18213 1.63965 88.53659 13.65854 -5.42683 
3.438 0.22298 -0.09997 -2.14643 -0.21411 0.16443 1.12756 87.01220 48.47561 -3.29268 
3.495 0.29494 -0.12076 -2.14457 -0.17114 0.16040 0.79431 63.78049 63.90244 -3.47561 
3.561 0.35810 -0.13816 -2.13888 -0.25427 0.15759 0.47607 65.18293 36.95122 -5.67073 
3.621 0.40467 -0.15750 -2.13663 -0.27649 0.15845 0.08862 19.69512 28.29268 5.30488 
3.694 0.40952 -0.14408 -2.13735 -0.22217 0.12280 0.12866 -39.69512 -15.18293 11.52439 
3.763 0.35041 -0.11040 -2.13254 -0.21692 0.16589 0.61084 -80.12196 -50.91463 12.62195 
3.832 0.26700 -0.06875 -2.13151 -0.06140 0.17871 1.25513 -84.69512 -35.67073 19.63415 
3.905 0.20934 -0.01629 -2.13151 0.05127 0.20251 1.87183 -37.98780 26.09756 -4.14634 
3.976 0.20856 -0.01456 -2.11888 -0.18066 0.16003 1.75012 55.79268 6.28049 -5.18293 
4.048 0.25212 -0.07544 -2.11186 -0.23828 0.15356 1.15320 122.92683 24.69512 4.51220 
4.128 0.31915 -0.13428 -2.11425 -0.18347 0.19312 0.74060 84.57317 47.31707 0.30488 
4.205 0.38045 -0.16908 -2.11573 -0.16943 0.17358 0.35828 72.31708 35.30488 -0.60976 
4.282 0.42310 -0.18848 -2.11316 -0.27234 0.17908 0.08826 4.75610 10.00000 1.76829 
4.34 0.40625 -0.16643 -2.10269 -0.35583 0.11853 0.30273 -62.86586 -21.40244 2.74390 
4.401 0.34761 -0.12203 -2.09488 -0.26660 0.12158 0.68994 -65.06097 -48.41463 21.70732 
4.468 0.27049 -0.09357 -2.10197 -0.07898 0.21472 1.19397 -58.96342 -48.04878 28.53659 
4.53 0.21291 -0.07025 -2.11264 0.06348 0.27661 1.61560 -27.68293 1.40244 15.42683 
4.592 0.19708 -0.06252 -2.11154 -0.05872 0.23755 1.62573 15.12195 5.18293 -1.15854 
4.652 0.21989 -0.09188 -2.10287 -0.18469 0.21033 1.29871 71.64634 28.17073 -4.93902 
4.718 0.27045 -0.12318 -2.09678 -0.18335 0.20154 1.01819 61.21951 49.14634 -5.12195 
4.781 0.32967 -0.14729 -2.09275 -0.18359 0.19043 0.75085 71.76830 46.58537 -5.67073 
4.843 0.37819 -0.17970 -2.08903 -0.21130 0.19421 0.50537 51.58537 25.48781 -6.34146 
4.904 0.40403 -0.19307 -2.08277 -0.25183 0.22046 0.47522 28.10976 16.58537 1.70732 
4.967 0.42192 -0.19651 -2.08152 -0.28833 0.25879 0.51965 7.80488 11.76829 8.96342 
5.032 0.42610 -0.19778 -2.08455 -0.19556 0.31372 0.69128 13.17073 -0.30488 9.63415 
5.095 0.41505 -0.22250 -2.08062 -0.14343 0.37146 0.95911 61.52439 -39.81707 1.09756 
5.165 0.40201 -0.33467 -2.07064 -0.13733 0.55066 1.04980 160.67073 -85.91463 -3.78049 
5.232 0.41574 -0.53226 -2.08245 -0.12830 0.49170 0.74036 278.35367 -83.90244 34.14634 
5.301 0.47849 -0.74820 -2.14270 -0.09229 0.66638 0.58362 226.52440 -61.76830 42.37805 
5.366 0.57417 -0.93406 -2.25688 0.00842 0.92773 0.43530 160.30489 -68.04878 66.52439 
5.429 0.64499 -1.07325 -2.36742 0.02600 1.00732 0.31702 153.35367 -54.75610 69.20732 
5.491 0.75180 -1.18510 -2.51609 0.11230 0.98621 0.24829 128.71951 -65.97561 74.81708 
5.559 0.93797 -1.27952 -2.73674 0.15833 1.04871 -0.01379 76.76830 -41.15854 42.50000 
5.623 0.95280 -1.31467 -2.76540 0.24036 1.02515 0.13770 -46.89024 13.10976 2.13415 
5.687 0.79714 -1.23864 -2.59092 0.18835 1.01270 0.13745 -135.91464 102.74390 -39.51220 
5.748 0.61913 -1.06105 -2.38062 0.15552 0.85217 0.25134 -257.92685 140.18294 -60.36586 
5.816 0.46595 -0.75757 -2.18008 -0.14697 0.42468 0.56714 -350.67075 166.09756 -92.74390 
5.884 0.40882 -0.40175 -2.05516 -0.35742 0.14294 0.82373 -400.54880 154.02440 -104.45123 
5.952 0.35198 -0.02446 -1.95744 -0.47485 -0.12744 1.11426 -316.15854 63.71951 -24.63415 
6.021 0.29556 0.14926 -1.95460 -0.26318 0.10852 1.22290 -143.59756 6.40244 -4.02439 
6.088 0.25447 0.25031 -1.94879 -0.22058 -0.28345 0.87610 -33.47561 -10.24390 17.25610 
6.157 0.17039 0.28307 -1.98957 -0.06714 -0.24475 0.55847 -140.36586 -111.03659 28.29268 
6.23 0.00890 0.39756 -2.03471 -0.12280 -0.28467 1.00146 -175.12195 -52.19512 -7.62195 
6.296 -0.10984 0.49806 -2.07133 -0.12048 -0.23840 1.05896 -124.32927 -35.48780 -9.87805 
6.364 -0.16534 0.55125 -2.07450 -0.18506 -0.45703 1.29761 13.41463 14.39024 -31.28049 
6.433 -0.10727 0.44797 -2.02230 -0.05078 -0.44727 0.71716 195.54878 -35.12195 -0.06098 
6.496 -0.09700 0.32955 -2.00620 -0.10962 -0.38013 1.40552 106.82927 1.34146 -33.96342 
6.566 0.00182 0.14518 -1.93506 -0.12244 -0.11218 0.65125 324.81708 3.17073 -31.89025 
6.633 0.05240 -0.05232 -1.90362 -0.02930 -0.38098 1.11328 276.58536 -1.15854 -2.31707 
6.698 0.13271 -0.33308 -1.93839 0.05249 0.08862 0.54346 311.58539 -53.78049 55.54878 
6.767 0.14430 -0.51114 -1.96093 0.08203 0.41077 0.87659 154.26830 -32.31707 7.37805 
6.834 0.18401 -0.67876 -2.00267 -0.01599 0.52991 0.62439 244.02440 -68.17073 71.15854 
6.892 0.20293 -0.86719 -2.08039 0.16077 0.80566 0.52881 129.20732 -65.24390 85.00000 
6.955 0.20154 -0.98978 -2.14445 0.32373 0.87622 0.40576 139.02440 -89.75610 85.24390 
7.021 0.14501 -1.11628 -2.15194 0.41614 0.98792 0.24219 29.39025 -76.46342 57.68293 
7.091 0.07415 -1.11760 -2.11241 0.57837 0.93713 0.29810 -66.82927 52.07317 -2.13415 
7.163 0.08103 -0.98698 -2.08629 0.40955 0.81616 0.49670 -210.79269 134.81708 -51.76830 
7.237 0.14263 -0.71706 -2.06586 0.12061 0.52466 0.65076 -246.40245 270.54880 -84.08537 
7.313 0.26727 -0.36754 -2.03094 -0.35205 0.09094 0.59485 -331.82928 307.07318 -114.57317 
7.379 0.42151 0.04964 -1.93748 -0.83997 -0.11121 1.01575 -339.02438 401.46341 -118.59756 
7.44 0.64109 0.36227 -1.81373 -0.55322 -0.09546 1.07983 -165.36586 245.12196 -53.59756 
7.505 0.75237 0.44603 -1.73385 -0.77380 -0.17883 1.08862 91.03659 50.91463 15.91463 
7.574 0.80609 0.31204 -1.74370 -0.41821 -0.10339 0.23718 164.87805 87.56097 46.34146 
7.641 0.95130 0.27084 -1.70763 -0.64294 -0.12073 0.37170 39.75610 214.63416 -13.96342 
7.707 1.12757 0.25145 -1.65025 -0.88733 -0.08105 0.26843 65.85366 144.26830 29.93903 
7.773 1.18134 0.19550 -1.69043 -1.03088 0.02832 0.30933 67.80488 -75.54878 108.17073 
7.838 1.00490 0.09142 -1.84880 -0.99719 0.07837 0.11316 90.85366 -429.87805 249.57318 
7.909 0.60058 -0.12565 -2.08252 -0.37976 0.06641 0.30042 57.68293 -565.91467 277.50000 
8.011 0.19189 -0.37793 -2.16759 0.40027 0.36682 1.36133 -107.37805 -432.43903 142.31708 
8.087 -0.11501 -0.52483 -2.13377 0.61768 0.31519 0.89136 187.80489 -257.98782 92.86585 
8.169 -0.24569 -0.76257 -2.10741 0.85522 0.45801 0.50684 58.90244 -196.34146 16.52439 
8.249 -0.44381 -0.86714 -1.95035 0.61951 0.48108 0.40259 64.26830 -151.09756 -19.02439 
8.323 -0.59839 -0.91521 -1.80892 0.40967 0.46570 0.44275 -35.97561 -32.43903 -0.73171 
8.39 -0.47819 -0.82907 -1.88686 0.61145 0.42993 0.56311 -47.37805 337.25610 -19.63415 
8.457 -0.09400 -0.57830 -2.09283 0.61560 0.51501 1.20264 -180.48781 485.73172 -88.53659 
8.528 0.25203 -0.26810 -2.12664 0.05420 0.35754 1.06482 -10.60976 566.34149 -160.48781 
8.595 0.66801 0.01145 -2.01490 -0.58020 0.01379 0.82605 -50.67073 541.15857 -155.06097 
8.669 1.07183 0.13481 -1.85625 -0.90955 0.08545 0.29810 84.75610 428.84146 -99.69512 
8.739 1.38780 0.15236 -1.74451 -0.94543 -0.11584 -0.06384 32.68293 234.14635 -4.32927 
8.811 1.53487 0.15091 -1.73093 -0.94153 0.06799 -0.03125 56.03659 82.74390 70.36585 
8.898 1.58565 0.10129 -1.79708 -0.83374 0.16553 -0.27234 64.02439 3.59756 115.91463 
8.975 1.57741 0.08027 -1.89157 -0.70691 0.30530 -0.18689 -7.68293 -29.39025 97.68293 
9.06 1.52291 0.07289 -1.97426 -1.03186 0.32507 0.00427 -5.79268 -101.70732 127.01220 
9.134 1.38934 -0.00027 -2.12562 -0.79016 0.45325 -0.28125 -7.92683 -293.53659 237.50000 
9.203 1.10728 -0.16596 -2.31762 -0.45752 0.46643 0.30212 -95.00000 -420.60977 258.47562 
9.271 0.81575 -0.37169 -2.44628 0.03516 0.52881 0.34351 -29.81707 -338.41464 205.91464 
9.353 0.57289 -0.53548 -2.48076 0.25110 0.57080 0.87280 -53.96342 -198.10976 108.10976 
9.431 0.47983 -0.63192 -2.50131 0.43994 0.64661 0.52441 -16.82927 -59.08537 47.01220 
9.507 0.39328 -0.61704 -2.46783 0.38892 0.56592 0.76917 -79.81708 34.14634 -9.14634 
9.579 0.37370 -0.53964 -2.42812 0.30188 0.57776 0.66797 -39.02439 118.59756 -62.19512 
9.646 0.44369 -0.39195 -2.37359 -0.20813 0.47327 0.72473 -120.97561 260.00000 -109.02439 
9.716 0.53303 -0.12415 -2.30007 -0.35120 0.51782 1.09204 -109.69512 257.13416 -84.63415 
9.785 0.60982 0.01037 -2.24443 -0.65967 0.43445 0.84180 3.04878 77.13415 -22.68293 
9.849 0.60066 0.00750 -2.24574 -0.54248 0.44702 0.45166 18.29268 -140.97562 58.17073 
9.919 0.45762 -0.11168 -2.29981 -0.18018 0.24146 0.18872 -61.40244 -270.97562 95.97561 
9.99 0.20837 -0.17814 -2.31603 0.16846 0.21729 1.11340 -204.93903 -198.90245 23.65854 
10.064 0.01429 -0.18312 -2.28688 0.14307 0.01477 1.02710 -3.41463 -102.01220 24.57317 
10.137 -0.03084 -0.18763 -2.28724 0.25476 -0.03723 1.16089 -64.45122 55.18293 -6.28049 
10.211 -0.01143 -0.11262 -2.28731 0.07886 -0.13159 1.01733 -6.95122 93.47561 20.18293 
10.285 0.03724 -0.04560 -2.31726 -0.05908 -0.13452 0.97937 -2.86585 86.70732 59.81707 
10.349 0.06846 0.02535 -2.33929 -0.08325 -0.13416 0.86304 -43.59756 71.34147 10.67073 
10.429 0.03468 0.05125 -2.32535 1.99994 1.99994 1.99994 -5.48780 -119.63415 -53.10976 
10.49 0.02818 0.03960 -2.28373 -0.31396 -0.02856 1.75757 -13.96342 32.43903 -15.48781 
10.557 0.03094 0.03927 -2.28073 0.01379 0.07178 0.84888 12.74390 3.96341 8.10976 
10.623 0.03018 0.03908 -2.28076 -0.03430 -0.04285 0.97925 7.07317 6.95122 7.98780 
10.69 0.02918 0.03954 -2.28078 -0.03784 -0.02209 0.96155 7.80488 6.46341 8.04878 
10.761 0.02835 0.03978 -2.28079 -0.02844 -0.03308 0.96680 7.74390 6.46341 8.04878 
10.826 0.02736 0.03997 -2.28067 -0.03748 -0.02942 0.96277 7.74390 6.46341 8.04878 
10.886 0.02653 0.04021 -2.28069 -0.03357 -0.02905 0.96899 7.74390 6.46341 8.04878 
10.941 0.02582 0.04041 -2.28070 -0.02832 -0.03784 0.96667 7.68293 6.46341 8.04878 
11.002 0.02499 0.04065 -2.28072 -0.03003 -0.02783 0.96094 7.80488 6.58537 8.04878 
11.066 0.02427 0.04085 -2.28074 -0.03040 -0.02979 0.96179 7.80488 6.46341 8.04878 
11.127 0.02355 0.04104 -2.28075 -0.03040 -0.02783 0.96143 7.74390 6.52439 7.98780 
11.192 0.02284 0.04124 -2.28062 -0.03638 -0.03052 0.96326 7.80488 6.46341 8.04878 
11.253 0.02217 0.04154 -2.28063 -0.03027 -0.03137 0.96313 7.74390 6.46341 7.98780 
11.318 0.02146 0.04174 -2.28065 -0.03577 -0.03040 0.96033 7.74390 6.52439 8.10976 
11.379 0.02090 0.04199 -2.28066 -0.02869 -0.03455 0.96472 7.74390 6.52439 7.98780 
11.437 0.02029 0.04213 -2.28067 -0.03638 -0.03320 0.96301 7.74390 6.52439 8.04878 
11.494 0.01969 0.04228 -2.28068 -0.03064 -0.03003 0.96204 7.68293 6.52439 8.04878 
11.552 0.01908 0.04242 -2.28070 -0.03467 -0.03015 0.95850 7.74390 6.52439 8.10976 
11.615 0.01853 0.04268 -2.28071 -0.03125 -0.03174 0.96814 7.74390 6.52439 7.98780 
11.678 0.01808 0.04288 -2.28071 -0.03748 -0.02942 0.95837 7.74390 6.52439 8.10976 
11.739 0.01759 0.04297 -2.28072 -0.04578 -0.04089 0.96887 7.68293 6.58537 7.98780 
11.797 0.01720 0.04329 -2.28058 -0.02710 -0.02600 0.96692 7.74390 6.52439 8.04878 
11.863 0.01660 0.04316 -2.28060 -0.03674 -0.03918 0.96838 7.74390 6.46341 8.04878 
11.93 0.01610 0.04352 -2.28060 -0.02979 -0.02820 0.95874 7.86585 6.46341 7.98780 
11.989 0.01566 0.04346 -2.28062 -0.03088 -0.03101 0.96790 7.62195 6.40244 8.04878 
12.044 0.01517 0.04355 -2.28063 -0.03149 -0.03247 0.96558 7.80488 6.46341 8.04878 
12.107 0.01483 0.04370 -2.28063 -0.03564 -0.03552 0.96362 7.74390 6.52439 7.98780 
12.173 0.01450 0.04385 -2.28067 -0.03015 -0.03223 0.96118 7.68293 6.46341 8.04878 
12.239 0.01417 0.04400 -2.28068 -0.03174 -0.03394 0.96375 7.74390 6.52439 7.98780 
12.296 0.01379 0.04405 -2.28054 -0.03357 -0.03162 0.96143 7.80488 6.52439 8.10976 
12.36 0.01345 0.04420 -2.28054 -0.03809 -0.03320 0.96143 7.74390 6.46341 8.04878 
12.426 0.01301 0.04440 -2.28055 -0.02026 0.03552 0.93994 9.26829 6.28049 7.98780 
12.488 0.01279 0.04451 -2.28055 -0.02344 -0.02979 0.93787 10.00000 5.54878 8.04878 
12.55 0.01240 0.04455 -2.28056 -0.05090 -0.01904 0.98523 7.31707 6.95122 8.04878 
12.616 0.01229 0.04460 -2.28057 -0.02051 -0.03699 0.94800 7.80488 6.21951 7.98780 
12.681 0.01196 0.04475 -2.28057 -0.03601 -0.03308 0.97693 7.74390 6.76829 8.04878 
12.741 0.01174 0.04485 -2.28057 -0.03235 -0.02759 0.95728 7.74390 6.40244 8.04878 
12.805 0.01146 0.04484 -2.28058 -0.02747 -0.02991 0.96631 7.86585 6.46341 7.98780 
12.869 0.01114 0.04472 -2.28059 -0.03149 -0.03210 0.96545 7.68293 6.58537 8.04878 
12.933 0.01092 0.04483 -2.28060 -0.04248 -0.03894 0.96228 7.68293 6.52439 8.04878 
12.996 0.01080 0.04515 -2.28059 -0.03650 -0.03052 0.96619 7.80488 6.52439 8.04878 
13.063 0.01058 0.04525 -2.28060 -0.03174 -0.03027 0.96338 7.74390 6.46341 7.98780 
13.129 0.01031 0.04524 -2.28045 -0.02808 -0.02661 0.96265 7.80488 6.46341 8.04878 
13.191 0.01003 0.04523 -2.28046 -0.03345 -0.03223 0.96191 7.74390 6.52439 8.10976 
13.264 0.00981 0.04534 -2.28047 -0.03564 -0.02905 0.96252 7.80488 6.46341 8.04878 
13.337 0.00965 0.04528 -2.28047 -0.02893 -0.02869 0.96399 7.68293 6.46341 8.04878 
13.416 0.00954 0.04533 -2.28047 -0.02991 -0.02515 0.96179 7.74390 6.46341 8.04878 
13.488 0.00932 0.04516 -2.28063 -0.02258 -0.02258 0.96777 7.74390 6.46341 8.04878 
13.563 0.00911 0.04498 -2.28049 -0.04382 -0.03577 0.96399 7.74390 6.52439 8.04878 
13.627 0.00898 0.04558 -2.28048 -0.03674 -0.03528 0.96423 7.86585 6.58537 7.98780 
13.692 0.00887 0.04563 -2.28048 -0.02808 -0.02930 0.96252 7.74390 6.52439 8.04878 
13.76 0.00871 0.04557 -2.28049 -0.03003 -0.03418 0.96228 7.68293 6.52439 8.04878 
13.83 0.00865 0.04573 -2.28049 -0.03625 -0.03137 0.96460 7.80488 6.46341 8.04878 
13.898 0.00849 0.04567 -2.28049 -0.03235 -0.02930 0.96436 7.68293 6.46341 8.04878 
13.972 0.00826 0.04578 -2.28050 -0.03308 -0.03003 0.96436 7.74390 6.46341 8.04878 
14.044 0.00815 0.04583 -2.28050 -0.02722 -0.03333 0.96033 7.80488 6.52439 7.98780 
14.118 0.00804 0.04588 -2.28050 -0.03467 -0.02881 0.96338 7.80488 6.46341 8.04878 
14.19 0.00793 0.04593 -2.28050 -0.03149 -0.02966 0.96167 7.80488 6.46341 8.04878 
14.271 0.00782 0.04598 -2.28054 -0.03540 -0.03076 0.95935 7.74390 6.46341 8.04878 
14.338 0.00771 0.04603 -2.28054 -0.03052 -0.02844 0.96423 7.74390 6.52439 8.04878 
14.409 0.00760 0.04608 -2.28051 -0.03333 -0.03003 0.96326 7.74390 6.52439 8.04878 
14.478 0.00744 0.04602 -2.28040 -0.03308 -0.03040 0.96118 7.80488 6.52439 7.98780 
14.561 0.00744 0.04602 -2.28040 -0.03430 -0.03027 0.96252 7.74390 6.46341 8.04878 
14.662 0.00728 0.04596 -2.28040 -0.02734 -0.03198 0.96448 7.86585 6.40244 7.98780 
14.761 0.00717 0.04601 -2.28040 -0.04456 -0.03882 0.96655 7.74390 6.52439 7.98780 
14.835 0.00711 0.04617 -2.28040 -0.03467 -0.03381 0.96143 7.68293 6.46341 7.98780 
14.91 0.00716 0.04628 -2.28040 -0.04028 -0.02637 0.96545 7.80488 6.46341 7.98780 
14.983 0.00705 0.04634 -2.28040 -0.03418 -0.03650 0.96643 7.68293 6.46341 7.98780 
15.068 0.00684 0.04616 -2.28041 -0.03748 -0.03064 0.96338 7.62195 6.40244 8.04878 
15.136 0.00673 0.04622 -2.28026 -0.03101 -0.03174 0.96533 7.74390 6.58537 8.04878 
15.2 0.00679 0.04605 -2.28026 -0.03015 -0.02808 0.96240 7.68293 6.58537 8.04878 
15.271 0.00673 0.04622 -2.28026 -0.04370 -0.03918 0.96472 7.68293 6.52439 8.10976 
15.336 0.00672 0.04649 -2.28026 -0.03796 -0.03137 0.96057 7.62195 6.46341 8.04878 
15.406 0.00661 0.04654 -2.28026 -0.03564 -0.03430 0.96680 7.74390 6.52439 8.04878 
15.475 0.00649 0.04659 -2.28026 -0.03345 -0.02722 0.96533 7.74390 6.52439 7.98780 
15.54 0.00644 0.04648 -2.28026 -0.03308 -0.03247 0.96350 7.74390 6.46341 8.04878 
15.609 0.00638 0.04664 -2.28026 -0.03674 -0.03101 0.96399 7.74390 6.52439 8.04878 
15.673 0.00639 0.04664 -2.28029 -0.02734 -0.02795 0.97083 7.80488 6.46341 8.04878 
15.737 0.00628 0.04642 -2.28030 -0.02539 -0.02551 0.96619 7.74390 6.46341 8.04878 
15.797 0.00618 0.04620 -2.28031 -0.02515 -0.02527 0.97046 7.74390 6.46341 8.04878 
15.858 0.00598 0.04548 -2.28029 -0.00562 -0.00842 0.96667 7.74390 6.46341 8.04878 
15.929 0.00584 0.04488 -2.28031 -0.06372 -0.05823 0.96362 7.62195 6.52439 8.10976 
15.993 0.00605 0.04679 -2.28030 -0.06982 -0.05933 0.95081 7.92683 6.46341 7.98780 
16.058 0.00623 0.04806 -2.28027 -0.03162 -0.02795 0.96545 7.74390 6.40244 7.92683 
16.125 0.00605 0.04707 -2.28014 0.00232 -0.00061 0.96692 7.74390 6.52439 8.04878 
16.188 0.00576 0.04585 -2.28018 -0.01904 -0.02344 0.96387 7.86585 6.40244 8.04878 
16.254 0.00571 0.04575 -2.28015 -0.04919 -0.04004 0.96704 7.74390 6.46341 8.04878 
16.322 0.00584 0.04662 -2.28016 -0.04712 -0.04492 0.96252 7.74390 6.46341 8.04878 
16.389 0.00577 0.04706 -2.28015 -0.03772 -0.03271 0.96387 7.86585 6.58537 7.98780 
16.457 0.00583 0.04690 -2.28015 -0.02368 -0.02649 0.96912 7.62195 6.52439 7.98780 
16.519 0.00573 0.04667 -2.28016 -0.03992 -0.03198 0.96033 7.80488 6.46341 8.10976 
16.579 0.00562 0.04672 -2.28016 -0.03345 -0.03333 0.96484 7.74390 6.58537 7.98780 
16.643 0.00562 0.04672 -2.28016 -0.03552 -0.03345 0.96826 7.74390 6.52439 7.98780 
16.706 0.00562 0.04672 -2.28016 -0.03247 -0.03333 0.96082 7.68293 6.52439 7.98780 
16.768 0.00551 0.04678 -2.28001 -0.03308 -0.03186 0.96167 7.68293 6.52439 8.04878 
16.829 0.00551 0.04678 -2.28001 -0.03430 -0.03040 0.96692 7.74390 6.52439 8.04878 
16.887 0.00551 0.04678 -2.28001 -0.03284 -0.03247 0.96265 7.74390 6.46341 7.98780 
16.945 0.00540 0.04683 -2.28002 -0.03430 -0.03027 0.96680 7.74390 6.46341 8.04878 
17.01 0.00551 0.04677 -2.28005 -0.03735 -0.03015 0.96802 7.68293 6.52439 8.04878 
17.074 0.00540 0.04682 -2.28005 -0.03345 -0.02881 0.96472 7.74390 6.52439 7.98780 
17.135 0.00540 0.04683 -2.27990 -0.03223 -0.03394 0.96606 7.80488 6.52439 8.04878 
17.196 0.00540 0.04683 -2.27990 -0.03198 -0.03076 0.96851 7.68293 6.52439 8.04878 
17.269 0.00540 0.04683 -2.27990 -0.03503 -0.02893 0.96289 7.74390 6.46341 8.04878 
17.336 0.00540 0.04683 -2.27990 -0.03284 -0.03015 0.96643 7.80488 6.46341 7.98780 
17.399 0.00540 0.04683 -2.27990 -0.03442 -0.03076 0.96692 7.74390 6.52439 8.04878 
17.463 0.00540 0.04683 -2.27990 -0.03040 -0.03320 0.96216 7.68293 6.52439 8.10976 
17.526 0.00529 0.04688 -2.27990 -0.03210 -0.03479 0.96729 7.74390 6.52439 7.98780 
17.588 0.00530 0.04688 -2.27975 -0.03369 -0.03589 0.96167 7.74390 6.52439 8.04878 
17.645 0.00535 0.04699 -2.27975 -0.03345 -0.03015 0.96313 7.68293 6.46341 7.98780 
17.71 0.00530 0.04688 -2.27975 -0.03284 -0.03369 0.96375 7.68293 6.46341 8.04878 
17.772 0.00530 0.04688 -2.27975 -0.03027 -0.02832 0.96301 7.68293 6.40244 8.04878 
17.833 0.00529 0.04688 -2.27990 -0.03027 -0.03174 0.96582 7.74390 6.52439 8.04878 
17.892 0.00518 0.04693 -2.27975 -0.03162 -0.03259 0.96680 7.80488 6.46341 7.98780 
17.958 0.00518 0.04693 -2.27975 -0.03442 -0.02942 0.96216 7.74390 6.46341 8.04878 
18.025 0.00518 0.04693 -2.27975 -0.03528 -0.03394 0.96289 7.74390 6.40244 7.98780 
18.086 0.00518 0.04693 -2.27975 -0.03430 -0.03186 0.96570 7.80488 6.52439 8.04878 
18.142 0.00518 0.04693 -2.27975 -0.03369 -0.03088 0.96399 7.74390 6.46341 8.04878 
18.21 0.00518 0.04693 -2.27975 -0.03296 -0.02820 0.96143 7.74390 6.52439 7.98780 
18.292 0.00524 0.04704 -2.27975 -0.03210 -0.03406 0.96619 7.74390 6.52439 7.98780 
18.362 0.00512 0.04709 -2.27975 -0.03491 -0.03125 0.96350 7.74390 6.52439 7.98780 
18.429 0.00512 0.04709 -2.27975 -0.03210 -0.03308 0.96582 7.80488 6.52439 7.98780 
18.488 0.00508 0.04698 -2.27964 -0.03357 -0.03271 0.96631 7.80488 6.52439 7.98780 
18.545 0.00508 0.04698 -2.27964 -0.03357 -0.03271 0.96191 7.74390 6.52439 8.04878 
18.603 0.00513 0.04709 -2.27963 -0.03320 -0.03064 0.96179 7.68293 6.46341 8.04878 
18.664 0.00508 0.04698 -2.27964 -0.03284 -0.03455 0.96362 7.80488 6.46341 8.04878 
18.725 0.00513 0.04709 -2.27963 -0.03223 -0.02991 0.96899 7.74390 6.46341 8.10976 
18.786 0.00508 0.04698 -2.27964 -0.02820 -0.03369 0.96497 7.74390 6.52439 8.04878 
18.843 0.00513 0.04709 -2.27963 -0.03418 -0.02881 0.96362 7.74390 6.52439 8.04878 
18.901 0.00513 0.04709 -2.27963 -0.03149 -0.03125 0.96692 7.62195 6.46341 7.98780 
18.963 0.00513 0.04709 -2.27963 -0.03418 -0.03174 0.96448 7.74390 6.52439 7.98780 
19.024 0.00513 0.04709 -2.27948 -0.03320 -0.03210 0.96411 7.68293 6.46341 8.04878 
19.084 0.00513 0.04709 -2.27948 -0.03369 -0.03040 0.96582 7.74390 6.46341 8.04878 
19.142 0.00502 0.04714 -2.27949 -0.03149 -0.03174 0.96326 7.74390 6.52439 8.04878 
19.202 0.00513 0.04709 -2.27948 -0.03528 -0.03137 0.95764 7.74390 6.52439 8.04878 
19.265 0.00513 0.04709 -2.27948 -0.03259 -0.03015 0.96179 7.80488 6.58537 8.04878 
19.329 0.00518 0.04720 -2.27948 -0.03357 -0.02966 0.96240 7.74390 6.46341 8.10976 
19.391 0.00518 0.04720 -2.27948 -0.03088 -0.03162 0.96411 7.74390 6.52439 7.98780 
19.457 0.00507 0.04725 -2.27948 -0.03430 -0.02844 0.96399 7.74390 6.46341 8.04878 
19.522 0.00507 0.04725 -2.27948 -0.03357 -0.03015 0.96216 7.68293 6.46341 8.04878 
19.584 0.00507 0.04725 -2.27948 -0.03491 -0.03027 0.96277 7.74390 6.52439 8.04878 
19.641 0.00507 0.04725 -2.27948 -0.03247 -0.03210 0.96716 7.74390 6.52439 7.98780 
19.701 0.00507 0.04725 -2.27948 -0.03455 -0.02795 0.96375 7.68293 6.46341 8.04878 
19.765 0.00507 0.04725 -2.27948 -0.03113 -0.03149 0.96362 7.74390 6.52439 8.04878 
19.831 0.00507 0.04725 -2.27948 -0.03552 -0.03076 0.96155 7.74390 6.52439 8.10976 
19.909 0.00507 0.04725 -2.27948 -0.02930 -0.03137 0.96069 7.74390 6.46341 7.98780 
19.984 0.00502 0.04714 -2.27949 -0.03589 -0.03174 0.96350 7.80488 6.46341 8.04878 
20.059 0.00502 0.04714 -2.27949 -0.03101 -0.03015 0.96167 7.68293 6.52439 8.04878 
20.121 0.00502 0.04714 -2.27949 -0.03699 -0.02930 0.96838 7.74390 6.52439 8.10976 
20.186 0.00502 0.04714 -2.27949 -0.03027 -0.03210 0.95923 7.68293 6.52439 7.98780 
20.243 0.00502 0.04714 -2.27949 -0.03613 -0.03320 0.96521 7.74390 6.46341 8.04878 
20.304 0.00502 0.04714 -2.27949 -0.03247 -0.03247 0.96729 7.68293 6.52439 7.98780 
20.365 0.00502 0.04714 -2.27949 -0.03650 -0.03027 0.96252 7.74390 6.52439 8.04878 
20.425 0.00502 0.04714 -2.27949 -0.03210 -0.02930 0.96667 7.74390 6.52439 8.04878 
20.486 0.00502 0.04714 -2.27949 -0.03455 -0.03357 0.96326 7.68293 6.52439 7.98780 
20.544 0.00502 0.04714 -2.27949 -0.03186 -0.03027 0.95984 7.74390 6.46341 7.98780 
20.608 0.00497 0.04703 -2.27949 -0.03503 -0.03345 0.96570 7.74390 6.52439 8.04878 
20.669 0.00502 0.04714 -2.27934 -0.03101 -0.03271 0.96484 7.68293 6.58537 8.04878 
20.735 0.00497 0.04703 -2.27937 -0.03662 -0.02979 0.96655 7.80488 6.46341 8.04878 
20.792 0.00497 0.04703 -2.27937 -0.03174 -0.03345 0.96680 7.68293 6.46341 8.04878 
20.858 0.00497 0.04703 -2.27937 -0.03723 -0.03149 0.96118 7.74390 6.46341 8.04878 
20.923 0.00497 0.04703 -2.27937 -0.03174 -0.02966 0.96118 7.74390 6.52439 7.98780 
20.988 0.00497 0.04703 -2.27937 -0.03516 -0.03027 0.96326 7.74390 6.52439 8.04878 
21.054 0.00497 0.04703 -2.27937 -0.03210 -0.02893 0.96545 7.68293 6.46341 7.98780 
21.119 0.00502 0.04714 -2.27937 -0.03467 -0.03052 0.96545 7.80488 6.52439 8.04878 
21.181 0.00497 0.04703 -2.27937 -0.02942 -0.03137 0.97046 7.68293 6.46341 8.04878 
21.24 0.00497 0.04703 -2.27937 -0.03296 -0.03149 0.96252 7.74390 6.46341 8.04878 
21.303 0.00486 0.04708 -2.27938 -0.03308 -0.03259 0.96289 7.74390 6.46341 8.10976 
21.369 0.00497 0.04703 -2.27937 -0.03357 -0.03247 0.96228 7.74390 6.46341 8.04878 
21.428 0.00497 0.04703 -2.27937 -0.03113 -0.03125 0.96631 7.68293 6.46341 8.04878 
21.486 0.00486 0.04708 -2.27938 -0.03735 -0.03308 0.96289 7.74390 6.46341 8.04878 
21.543 0.00502 0.04714 -2.27937 -0.03235 -0.03064 0.96960 7.74390 6.52439 8.04878 
21.605 0.00491 0.04719 -2.27937 -0.03491 -0.03040 0.96399 7.80488 6.52439 8.04878 
21.668 0.00497 0.04703 -2.27937 -0.03235 -0.03076 0.96826 7.68293 6.52439 8.04878 
21.73 0.00502 0.04714 -2.27937 -0.03308 -0.02954 0.96362 7.80488 6.46341 8.10976 
21.789 0.00497 0.04703 -2.27937 -0.02844 -0.03284 0.96790 7.74390 6.52439 8.04878 
21.856 0.00497 0.04703 -2.27937 -0.03625 -0.03235 0.96240 7.80488 6.46341 7.98780 
21.922 0.00497 0.04703 -2.27937 -0.03149 -0.03381 0.96509 7.68293 6.52439 8.04878 
21.984 0.00497 0.04703 -2.27937 -0.03516 -0.02917 0.96472 7.80488 6.52439 8.04878 
22.04 0.00508 0.04698 -2.27937 -0.03076 -0.03137 0.96216 7.74390 6.52439 8.04878 
22.095 0.00508 0.04698 -2.27937 -0.03613 -0.02930 0.96704 7.74390 6.52439 8.10976 
22.16 0.00508 0.04698 -2.27937 -0.03271 -0.03113 0.96033 7.80488 6.52439 7.98780 
22.222 0.00508 0.04698 -2.27937 -0.03479 -0.03247 0.96460 7.74390 6.46341 8.10976 
22.284 0.00509 0.04698 -2.27922 -0.03198 -0.02954 0.96619 7.74390 6.52439 8.04878 
22.34 0.00509 0.04698 -2.27922 -0.03503 -0.03125 0.96155 7.74390 6.58537 7.98780 
22.406 0.00509 0.04698 -2.27922 -0.03235 -0.03088 0.96252 7.62195 6.46341 8.04878 
22.47 0.00509 0.04698 -2.27922 -0.03418 -0.03235 0.96350 7.80488 6.58537 8.04878 
22.532 0.00514 0.04709 -2.27922 -0.03162 -0.03235 0.96484 7.74390 6.52439 8.04878 
22.596 0.00514 0.04709 -2.27922 -0.03198 -0.03003 0.96240 7.68293 6.52439 8.04878 
22.662 0.00514 0.04709 -2.27922 -0.02979 -0.02930 0.96106 7.74390 6.46341 7.98780 
22.728 0.00514 0.04709 -2.27907 -0.03577 -0.03394 0.96033 7.74390 6.52439 8.04878 
22.791 0.00514 0.04709 -2.27907 -0.03308 -0.03235 0.96448 7.68293 6.40244 8.04878 
22.858 0.00514 0.04709 -2.27907 -0.03162 -0.02893 0.96606 7.74390 6.52439 8.10976 
22.918 0.00514 0.04709 -2.27907 -0.03271 -0.02979 0.96277 7.80488 6.52439 7.98780 
22.979 0.00514 0.04709 -2.27907 -0.03015 -0.03137 0.96924 7.74390 6.52439 8.04878 
23.037 0.00514 0.04709 -2.27907 -0.03381 -0.03137 0.96655 7.74390 6.58537 7.98780 
23.096 0.00514 0.04709 -2.27907 -0.03418 -0.03149 0.96436 7.74390 6.52439 8.04878 
23.158 0.00509 0.04698 -2.27911 -0.03345 -0.03088 0.96387 7.80488 6.52439 8.10976 
23.22 0.00509 0.04698 -2.27911 -0.03540 -0.03308 0.96130 7.74390 6.52439 8.04878 
23.286 0.00514 0.04709 -2.27910 -0.03296 -0.03247 0.96509 7.80488 6.52439 7.98780 
23.357 0.00509 0.04698 -2.27896 -0.03308 -0.03296 0.96460 7.80488 6.46341 8.04878 
23.426 0.00503 0.04714 -2.27895 -0.03174 -0.03320 0.96240 7.74390 6.52439 7.98780 
23.49 0.00514 0.04709 -2.27895 -0.03210 -0.03320 0.96399 7.74390 6.52439 7.98780 
23.56 0.00498 0.04703 -2.27896 -0.03369 -0.03369 0.95776 7.74390 6.52439 8.04878 
23.627 0.00503 0.04714 -2.27895 -0.03320 -0.03308 0.96155 7.74390 6.46341 8.04878 
23.688 0.00503 0.04714 -2.27895 -0.03528 -0.03235 0.96423 7.80488 6.52439 8.04878 
23.758 0.00503 0.04714 -2.27895 -0.03125 -0.03149 0.96265 7.74390 6.46341 7.98780 
23.829 0.00503 0.04714 -2.27895 -0.03418 -0.02856 0.96130 7.74390 6.52439 8.04878 
23.892 0.00498 0.04703 -2.27881 -0.03369 -0.03284 0.96338 7.80488 6.46341 7.98780 
23.974 0.00498 0.04703 -2.27881 -0.03308 -0.02917 0.96680 7.80488 6.52439 7.98780 
24.039 0.00499 0.04703 -2.27884 -0.03088 -0.02966 0.96497 7.74390 6.52439 7.98780 
24.107 0.00499 0.04703 -2.27884 -0.03345 -0.02844 0.96289 7.80488 6.46341 8.04878 
24.182 0.00499 0.04703 -2.27884 -0.03271 -0.03235 0.96497 7.74390 6.52439 8.04878 
24.255 0.00499 0.04703 -2.27869 -0.03442 -0.03247 0.96375 7.80488 6.46341 7.98780 
24.33 0.00499 0.04703 -2.27869 -0.03564 -0.03113 0.96326 7.74390 6.52439 7.98780 
24.407 0.00499 0.04703 -2.27869 -0.03259 -0.03015 0.96350 7.62195 6.52439 8.04878 
24.469 0.00499 0.04703 -2.27869 -0.02930 -0.03430 0.96069 7.74390 6.46341 8.04878 
24.534 0.00488 0.04708 -2.27869 -0.03259 -0.03088 0.95996 7.80488 6.52439 7.98780 
24.606 0.00499 0.04703 -2.27869 -0.03320 -0.03040 0.96912 7.74390 6.52439 7.98780 
24.674 0.00499 0.04703 -2.27869 -0.03333 -0.03015 0.96375 7.80488 6.46341 7.98780 
24.742 0.00499 0.04703 -2.27854 -0.02966 -0.03198 0.96497 7.74390 6.52439 7.98780 
24.809 0.00499 0.04703 -2.27854 -0.03418 -0.02954 0.96423 7.80488 6.52439 8.04878 
24.871 0.00499 0.04703 -2.27854 -0.03284 -0.02930 0.96045 7.68293 6.46341 8.04878 
24.935 0.00499 0.04703 -2.27854 -0.03528 -0.03101 0.96155 7.80488 6.46341 8.04878 
24.992 0.00499 0.04703 -2.27854 -0.03052 -0.03003 0.96533 7.80488 6.52439 7.98780 
25.06 0.00510 0.04698 -2.27854 -0.03601 -0.03149 0.96423 7.80488 6.46341 7.98780 
25.134 0.00515 0.04708 -2.27857 -0.03174 -0.03296 0.96582 7.74390 6.46341 7.98780 
25.216 0.00510 0.04697 -2.27857 -0.03345 -0.03271 0.96118 7.68293 6.46341 7.98780 
25.291 0.00499 0.04702 -2.27857 -0.02930 -0.02869 0.96680 7.74390 6.52439 7.98780 
25.36 0.00500 0.04703 -2.27842 -0.03125 -0.02954 0.96509 7.74390 6.52439 8.04878 
25.43 0.00500 0.04703 -2.27842 -0.02966 -0.03027 0.96265 7.74390 6.40244 8.04878 
25.487 0.00500 0.04703 -2.27842 -0.03564 -0.03418 0.96338 7.74390 6.52439 8.04878 
25.554 0.00500 0.04703 -2.27842 -0.03247 -0.03308 0.96509 7.68293 6.46341 7.98780 
25.622 0.00500 0.04703 -2.27842 -0.03442 -0.03064 0.96191 7.74390 6.46341 8.04878 
25.696 0.00500 0.04703 -2.27842 -0.02930 -0.03137 0.96069 7.74390 6.46341 8.04878 
25.761 0.00500 0.04703 -2.27842 -0.03687 -0.03027 0.96313 7.80488 6.46341 8.04878 
25.825 0.00500 0.04703 -2.27842 -0.03198 -0.03088 0.96326 7.68293 6.46341 8.04878 
25.888 0.00500 0.04703 -2.27842 -0.03394 -0.03333 0.96204 7.74390 6.46341 8.04878 
25.949 0.00500 0.04703 -2.27828 -0.03308 -0.03369 0.96204 7.86585 6.52439 7.98780 
26.018 0.00500 0.04703 -2.27828 -0.03809 -0.02979 0.96509 7.74390 6.52439 8.04878 
26.086 0.00511 0.04698 -2.27827 -0.03198 -0.03113 0.96753 7.74390 6.46341 7.98780 
26.151 0.00511 0.04697 -2.27831 -0.03442 -0.03101 0.96155 7.80488 6.46341 8.04878 
26.22 0.00522 0.04692 -2.27816 -0.03101 -0.02966 0.96472 7.74390 6.52439 7.98780 
26.286 0.00522 0.04692 -2.27816 -0.03479 -0.03186 0.96533 7.74390 6.52439 8.04878 
26.345 0.00517 0.04681 -2.27816 -0.03125 -0.03015 0.96423 7.74390 6.52439 8.04878 
26.412 0.00517 0.04681 -2.27816 -0.03540 -0.02954 0.96545 7.74390 6.52439 8.04878 
26.473 0.00528 0.04676 -2.27816 -0.03259 -0.03040 0.96387 7.74390 6.52439 8.04878 
26.535 0.00528 0.04676 -2.27816 -0.03687 -0.03186 0.96570 7.80488 6.46341 8.04878 
26.59 0.00529 0.04676 -2.27801 -0.03223 -0.02881 0.96387 7.74390 6.46341 8.04878 
26.648 0.00540 0.04671 -2.27801 -0.03235 -0.03113 0.96265 7.74390 6.46341 8.04878 
26.713 0.00535 0.04660 -2.27801 -0.03088 -0.03064 0.96472 7.74390 6.46341 7.98780 
26.774 0.00535 0.04660 -2.27801 -0.03418 -0.03162 0.96460 7.80488 6.46341 8.04878 
26.835 0.00535 0.04660 -2.27786 -0.02966 -0.02832 0.96643 7.80488 6.52439 7.98780 
26.892 0.00546 0.04655 -2.27789 -0.03455 -0.02930 0.96619 7.80488 6.52439 7.98780 
26.957 0.00546 0.04655 -2.27789 -0.03223 -0.03198 0.96460 7.74390 6.52439 8.04878 
27.02 0.00546 0.04655 -2.27774 -0.03394 -0.03308 0.96655 7.74390 6.40244 7.98780 
27.086 0.00541 0.04644 -2.27774 -0.03052 -0.02856 0.96509 7.74390 6.46341 8.04878 
27.148 0.00552 0.04639 -2.27774 -0.03259 -0.03333 0.96313 7.74390 6.46341 8.10976 
27.215 0.00541 0.04644 -2.27774 -0.03064 -0.03320 0.96460 7.74390 6.52439 7.98780 
27.277 0.00541 0.04644 -2.27759 -0.03503 -0.03113 0.96436 7.80488 6.52439 8.04878 
27.339 0.00553 0.04638 -2.27763 -0.03235 -0.03137 0.96436 7.74390 6.52439 7.92683 
27.4 0.00553 0.04638 -2.27763 -0.03503 -0.03406 0.96033 7.68293 6.46341 7.98780 
27.462 0.00553 0.04638 -2.27748 -0.03345 -0.02881 0.96594 7.68293 6.46341 8.04878 
27.524 0.00564 0.04633 -2.27747 -0.03345 -0.03247 0.96692 7.74390 6.46341 8.04878 
27.586 0.00559 0.04622 -2.27748 -0.03162 -0.03333 0.96606 7.68293 6.46341 8.04878 
27.645 0.00564 0.04633 -2.27747 -0.03235 -0.03247 0.96399 7.74390 6.52439 7.98780 
27.708 0.00559 0.04622 -2.27748 -0.03235 -0.03088 0.96411 7.74390 6.52439 7.98780 
27.77 0.00559 0.04622 -2.27733 -0.03381 -0.02979 0.96387 7.80488 6.46341 8.10976 
27.833 0.00559 0.04622 -2.27733 -0.03333 -0.03027 0.96179 7.80488 6.52439 7.98780 
27.89 0.00559 0.04622 -2.27733 -0.03467 -0.03162 0.96680 7.80488 6.52439 7.98780 
27.954 0.00559 0.04622 -2.27736 -0.03308 -0.02930 0.96729 7.80488 6.46341 8.04878 
28.017 0.00570 0.04617 -2.27736 -0.03223 -0.03235 0.96533 7.80488 6.52439 8.04878 
28.085 0.00571 0.04617 -2.27721 -0.03198 -0.03027 0.96814 7.74390 6.46341 8.04878 
28.148 0.00571 0.04617 -2.27721 -0.03198 -0.03101 0.96545 7.74390 6.46341 7.92683 
28.213 0.00571 0.04617 -2.27721 -0.03101 -0.02917 0.96338 7.80488 6.46341 8.04878 
28.277 0.00566 0.04606 -2.27721 -0.03271 -0.03247 0.96887 7.74390 6.46341 7.98780 
28.338 0.00566 0.04606 -2.27706 -0.03113 -0.02979 0.96350 7.74390 6.46341 7.92683 
28.394 0.00566 0.04606 -2.27706 -0.03455 -0.03040 0.96643 7.68293 6.52439 8.04878 
28.462 0.00566 0.04606 -2.27706 -0.03052 -0.03076 0.96362 7.80488 6.52439 7.98780 
28.522 0.00566 0.04606 -2.27695 -0.03467 -0.03052 0.96594 7.80488 6.46341 8.04878 
28.584 0.00577 0.04601 -2.27694 -0.03540 -0.03174 0.96155 7.68293 6.52439 8.04878 
28.643 0.00571 0.04617 -2.27694 -0.03381 -0.03027 0.96082 7.68293 6.52439 8.04878 
28.707 0.00582 0.04612 -2.27694 -0.03357 -0.02966 0.96655 7.80488 6.46341 8.10976 
28.77 0.00577 0.04601 -2.27679 -0.03394 -0.03223 0.96619 7.68293 6.46341 8.04878 
28.832 0.00583 0.04612 -2.27679 -0.03345 -0.02991 0.96228 7.74390 6.46341 8.04878 
28.892 0.00583 0.04612 -2.27679 -0.03101 -0.03125 0.96240 7.68293 6.52439 7.98780 
28.958 0.00577 0.04601 -2.27679 -0.03516 -0.03003 0.96191 7.74390 6.58537 8.04878 
29.024 0.00578 0.04601 -2.27668 -0.03064 -0.03101 0.96521 7.74390 6.46341 7.98780 
29.09 0.00578 0.04601 -2.27668 -0.03381 -0.03162 0.96533 7.74390 6.46341 8.04878 
29.159 0.00578 0.04601 -2.27668 -0.03040 -0.03125 0.96545 7.74390 6.46341 7.98780 
29.229 0.00567 0.04606 -2.27668 -0.03235 -0.03076 0.96301 7.68293 6.46341 7.98780 
29.293 0.00562 0.04595 -2.27653 -0.03101 -0.03064 0.96069 7.80488 6.52439 8.04878 
29.364 0.00567 0.04606 -2.27653 -0.03540 -0.03210 0.96484 7.68293 6.52439 8.04878 
29.429 0.00578 0.04601 -2.27653 -0.03223 -0.03088 0.96570 7.74390 6.58537 8.04878 
29.491 0.00578 0.04601 -2.27653 -0.03491 -0.03467 0.96558 7.74390 6.52439 8.04878 
29.56 0.00578 0.04601 -2.27638 -0.03040 -0.03113 0.96631 7.74390 6.52439 7.98780 
29.626 0.00579 0.04601 -2.27641 -0.03540 -0.03015 0.96375 7.80488 6.52439 8.04878 
29.689 0.00579 0.04601 -2.27641 -0.03442 -0.03308 0.96667 7.68293 6.52439 7.98780 
29.76 0.00579 0.04601 -2.27641 -0.03320 -0.03003 0.96484 7.74390 6.46341 8.10976 
29.832 0.00579 0.04601 -2.27641 -0.03210 -0.03076 0.96509 7.74390 6.52439 8.04878 
29.916 0.00579 0.04601 -2.27626 -0.03369 -0.03394 0.96680 7.74390 6.46341 8.04878 
29.986 0.00579 0.04601 -2.27626 -0.02905 -0.03223 0.96375 7.74390 6.46341 8.04878 
30.066 0.00579 0.04601 -2.27626 -0.03455 -0.03101 0.96399 7.86585 6.52439 8.04878 
30.136 0.00579 0.04601 -2.27611 -0.03113 -0.03052 0.96326 7.74390 6.46341 8.04878 
30.215 0.00579 0.04600 -2.27615 -0.03125 -0.03137 0.96094 7.80488 6.46341 8.04878 
30.294 0.00590 0.04595 -2.27614 -0.03210 -0.02979 0.96558 7.74390 6.52439 7.98780 
30.387 0.00590 0.04595 -2.27614 -0.03369 -0.03125 0.96094 7.80488 6.46341 8.04878 
30.471 0.00590 0.04595 -2.27599 -0.03198 -0.03198 0.96570 7.68293 6.52439 7.98780 
30.552 0.00590 0.04595 -2.27599 -0.03430 -0.03125 0.96558 7.80488 6.52439 8.04878 
30.616 0.00590 0.04595 -2.27599 -0.03198 -0.03223 0.96240 7.74390 6.52439 8.04878 
30.685 0.00590 0.04595 -2.27599 -0.03796 -0.03076 0.96289 7.80488 6.46341 8.04878 
30.742 0.00591 0.04595 -2.27584 -0.03333 -0.03125 0.96606 7.74390 6.46341 8.04878 
30.818 0.00591 0.04595 -2.27584 -0.03333 -0.03125 0.95862 7.80488 6.46341 7.98780 
30.888 0.00602 0.04590 -2.27588 -0.03296 -0.03076 0.96326 7.74390 6.52439 8.04878 
30.965 0.00591 0.04595 -2.27588 -0.03687 -0.03052 0.96069 7.80488 6.46341 8.04878 
31.04 0.00586 0.04584 -2.27573 -0.03284 -0.03125 0.96399 7.74390 6.52439 7.98780 
31.114 0.00591 0.04595 -2.27573 -0.03601 -0.02893 0.96155 7.80488 6.46341 8.04878 
31.186 0.00602 0.04590 -2.27573 -0.03369 -0.03174 0.96606 7.74390 6.46341 7.98780 
31.26 0.00602 0.04590 -2.27573 -0.03589 -0.03333 0.96375 7.68293 6.46341 8.04878 
31.332 0.00597 0.04579 -2.27558 -0.03162 -0.03186 0.96545 7.68293 6.46341 7.98780 
31.407 0.00591 0.04595 -2.27558 -0.03638 -0.03162 0.96411 7.80488 6.46341 7.98780 
31.474 0.00586 0.04584 -2.27558 -0.03210 -0.02942 0.96509 7.74390 6.46341 7.92683 
31.537 0.00597 0.04579 -2.27561 -0.03601 -0.02979 0.96484 7.74390 6.52439 8.04878 
31.605 0.00598 0.04579 -2.27546 -0.03162 -0.03259 0.96594 7.74390 6.46341 7.98780 
31.672 0.00598 0.04579 -2.27546 -0.03296 -0.03235 0.96655 7.80488 6.52439 8.04878 
31.736 0.00598 0.04579 -2.27546 -0.03369 -0.03198 0.96472 7.80488 6.46341 7.98780 
31.808 0.00598 0.04579 -2.27546 -0.03625 -0.03259 0.96106 7.74390 6.46341 8.04878 
31.876 0.00598 0.04579 -2.27546 -0.03088 -0.03052 0.96667 7.74390 6.52439 7.98780 
31.954 0.00598 0.04579 -2.27531 -0.03491 -0.03345 0.96484 7.74390 6.46341 8.04878 
32.034 0.00598 0.04579 -2.27531 -0.03210 -0.03149 0.96692 7.74390 6.46341 7.98780 
32.09 0.00598 0.04579 -2.27531 -0.03198 -0.03113 0.96362 7.80488 6.52439 7.98780 
32.16 0.00609 0.04574 -2.27519 -0.03113 -0.03186 0.96912 7.74390 6.52439 8.04878 
32.226 0.00609 0.04574 -2.27519 -0.03455 -0.03113 0.96362 7.80488 6.46341 7.98780 
32.289 0.00598 0.04579 -2.27520 -0.03320 -0.03320 0.96484 7.80488 6.52439 8.04878 
32.352 0.00604 0.04590 -2.27504 -0.03333 -0.03113 0.96399 7.74390 6.46341 8.04878 
32.418 0.00599 0.04579 -2.27505 -0.03101 -0.02917 0.96460 7.74390 6.46341 8.04878 
32.484 0.00599 0.04579 -2.27505 -0.03455 -0.03223 0.96399 7.80488 6.52439 8.04878 
32.548 0.00599 0.04579 -2.27505 -0.03271 -0.02881 0.96350 7.74390 6.52439 7.98780 
32.615 0.00599 0.04579 -2.27490 -0.03577 -0.02942 0.96252 7.74390 6.52439 7.98780 
32.684 0.00610 0.04574 -2.27493 -0.03235 -0.03210 0.96155 7.80488 6.52439 8.04878 
32.75 0.00615 0.04585 -2.27492 -0.03101 -0.03125 0.96423 7.74390 6.46341 8.04878 
32.824 0.00604 0.04590 -2.27492 -0.03113 -0.03149 0.96643 7.74390 6.52439 7.98780 
32.894 0.00604 0.04590 -2.27478 -0.03271 -0.02917 0.96191 7.74390 6.46341 8.04878 
32.972 0.00604 0.04590 -2.27478 -0.03345 -0.03137 0.96497 7.74390 6.40244 7.98780 
33.047 0.00604 0.04590 -2.27478 -0.03418 -0.03430 0.96570 7.80488 6.52439 8.04878 
33.12 0.00604 0.04590 -2.27478 -0.03296 -0.03271 0.96643 7.74390 6.46341 7.98780 
33.19 0.00604 0.04590 -2.27463 -0.03137 -0.02942 0.96484 7.74390 6.46341 7.98780 
33.262 0.00605 0.04590 -2.27466 -0.03284 -0.02905 0.96655 7.74390 6.52439 8.04878 
33.334 0.00605 0.04590 -2.27466 -0.03271 -0.03088 0.96350 7.80488 6.46341 8.04878 
33.406 0.00610 0.04601 -2.27465 -0.03076 -0.03027 0.96667 7.74390 6.46341 8.04878 
33.474 0.00610 0.04601 -2.27465 -0.03064 -0.03210 0.96460 7.74390 6.46341 7.98780 
33.542 0.00605 0.04590 -2.27466 -0.03210 -0.02991 0.96497 7.80488 6.58537 7.98780 
33.612 0.00616 0.04585 -2.27451 -0.03235 -0.03198 0.96313 7.86585 6.46341 7.98780 
33.683 0.00616 0.04585 -2.27451 -0.03284 -0.03247 0.96375 7.68293 6.52439 8.04878 
33.751 0.00616 0.04585 -2.27451 -0.03394 -0.03040 0.96106 7.74390 6.52439 8.04878 
33.827 0.00611 0.04574 -2.27451 -0.03247 -0.02930 0.96704 7.68293 6.46341 7.98780 
33.9 0.00600 0.04579 -2.27436 -0.03650 -0.03430 0.96631 7.68293 6.52439 7.98780 
33.981 0.00605 0.04590 -2.27439 -0.03601 -0.03076 0.96680 7.74390 6.52439 7.98780 
34.058 0.00606 0.04590 -2.27424 -0.03357 -0.03003 0.96362 7.80488 6.46341 8.04878 
34.127 0.00606 0.04590 -2.27424 -0.03625 -0.03174 0.96448 7.74390 6.46341 7.98780 
34.191 0.00611 0.04601 -2.27424 -0.02966 -0.02661 0.96362 7.74390 6.52439 8.04878 
34.263 0.00617 0.04585 -2.27424 -0.03345 -0.03162 0.96680 7.80488 6.46341 8.04878 
34.333 0.00601 0.04579 -2.27410 -0.03076 -0.02942 0.96655 7.74390 6.52439 8.04878 
34.405 0.00607 0.04563 -2.27410 -0.03308 -0.03638 0.96167 7.74390 6.46341 7.98780 
34.474 0.00611 0.04601 -2.27409 -0.03040 -0.03088 0.96545 7.74390 6.46341 8.04878 
34.541 0.00611 0.04601 -2.27412 -0.03662 -0.03076 0.96497 7.68293 6.46341 7.98780 
34.613 0.00616 0.04612 -2.27412 -0.03308 -0.03406 0.96448 7.74390 6.58537 8.04878 
34.678 0.00616 0.04612 -2.27397 -0.02942 -0.02893 0.96558 7.74390 6.46341 8.04878 
34.742 0.00606 0.04590 -2.27397 -0.03650 -0.03308 0.96545 7.74390 6.52439 8.04878 
34.812 0.00617 0.04584 -2.27397 -0.02869 -0.03076 0.96411 7.74390 6.52439 7.98780 
34.883 0.00612 0.04573 -2.27398 -0.03308 -0.03137 0.96057 7.74390 6.46341 7.98780 
34.959 0.00612 0.04601 -2.27382 -0.03308 -0.02869 0.96545 7.68293 6.46341 7.98780 
35.032 0.00606 0.04590 -2.27382 -0.03259 -0.03381 0.96655 7.68293 6.46341 7.98780 
35.112 0.00612 0.04601 -2.27382 -0.03491 -0.03210 0.96680 7.74390 6.46341 7.98780 
35.18 0.00618 0.04584 -2.27386 -0.02686 -0.02832 0.96289 7.74390 6.52439 7.98780 
35.271 0.00618 0.04584 -2.27371 -0.03101 -0.03003 0.96326 7.74390 6.46341 8.04878 
35.335 0.00613 0.04573 -2.27371 -0.03577 -0.03113 0.96338 7.68293 6.58537 8.04878 
35.406 0.00618 0.04584 -2.27371 -0.03430 -0.03210 0.96362 7.80488 6.46341 8.04878 
35.473 0.00618 0.04584 -2.27371 -0.03223 -0.03113 0.96570 7.74390 6.46341 7.98780 
35.537 0.00607 0.04590 -2.27356 -0.03540 -0.03198 0.96265 7.74390 6.52439 7.98780 
35.617 0.00607 0.04590 -2.27356 -0.03284 -0.03455 0.96509 7.74390 6.52439 7.98780 
35.696 0.00607 0.04589 -2.27359 -0.03076 -0.03210 0.96558 7.68293 6.52439 7.98780 
35.772 0.00601 0.04606 -2.27359 -0.03052 -0.03198 0.96619 7.68293 6.52439 8.04878 
35.842 0.00602 0.04606 -2.27344 -0.03333 -0.03223 0.96558 7.74390 6.46341 8.10976 
35.918 0.00596 0.04595 -2.27344 -0.02991 -0.03076 0.96497 7.74390 6.46341 8.04878 
35.988 0.00596 0.04595 -2.27344 -0.03503 -0.03125 0.96204 7.80488 6.46341 7.98780 
36.069 0.00596 0.04595 -2.27344 -0.03491 -0.03198 0.96533 7.74390 6.58537 7.98780 
36.137 0.00597 0.04595 -2.27329 -0.03455 -0.03162 0.96643 7.80488 6.46341 8.04878 
36.204 0.00597 0.04595 -2.27329 -0.02991 -0.03113 0.96521 7.80488 6.46341 8.04878 
36.271 0.00597 0.04595 -2.27329 -0.03381 -0.03296 0.96338 7.68293 6.52439 8.04878 
36.335 0.00597 0.04594 -2.27318 -0.03064 -0.03308 0.96631 7.74390 6.52439 8.04878 
36.402 0.00597 0.04594 -2.27318 -0.03442 -0.03162 0.96033 7.74390 6.52439 7.98780 
36.468 0.00597 0.04594 -2.27318 -0.03223 -0.03406 0.96509 7.74390 6.52439 7.98780 
36.534 0.00597 0.04594 -2.27318 -0.03333 -0.02917 0.96179 7.74390 6.40244 7.98780 
36.59 0.00597 0.04594 -2.27318 -0.03503 -0.03052 0.96509 7.74390 6.52439 7.98780 
36.661 0.00597 0.04594 -2.27318 -0.03601 -0.03015 0.96497 7.80488 6.46341 8.04878 
36.725 0.00591 0.04611 -2.27317 -0.03235 -0.03333 0.96313 7.68293 6.46341 7.98780 
36.788 0.00591 0.04611 -2.27317 -0.03394 -0.03015 0.96301 7.74390 6.52439 7.98780 
36.856 0.00591 0.04611 -2.27317 -0.03198 -0.03247 0.96460 7.74390 6.46341 8.04878 
36.924 0.00580 0.04616 -2.27318 -0.03479 -0.03076 0.96265 7.74390 6.46341 8.04878 
36.988 0.00580 0.04616 -2.27318 -0.03125 -0.02942 0.96777 7.68293 6.46341 7.98780 
37.061 0.00585 0.04627 -2.27317 -0.03467 -0.03052 0.96692 7.80488 6.52439 8.04878 
37.128 0.00585 0.04627 -2.27317 -0.03027 -0.03137 0.96582 7.74390 6.52439 7.98780 
37.189 0.00585 0.04627 -2.27302 -0.03320 -0.03064 0.95874 7.74390 6.52439 7.98780 
37.253 0.00569 0.04621 -2.27303 -0.03137 -0.03210 0.97131 7.74390 6.46341 8.04878 
37.317 0.00574 0.04632 -2.27317 -0.03442 -0.03113 0.96448 7.80488 6.52439 8.10976 
37.383 0.00574 0.04632 -2.27317 -0.03308 -0.02869 0.96509 7.74390 6.52439 8.04878 
37.44 0.00585 0.04627 -2.27317 -0.03503 -0.03125 0.96411 7.68293 6.52439 7.98780 
37.504 0.00574 0.04632 -2.27317 -0.03113 -0.03296 0.96204 7.62195 6.40244 7.98780 
37.568 0.00574 0.04632 -2.27317 -0.03357 -0.03271 0.96350 7.74390 6.46341 7.98780 
37.637 0.00563 0.04637 -2.27318 -0.02942 -0.03088 0.96790 7.74390 6.52439 7.98780 
37.704 0.00568 0.04648 -2.27317 -0.03235 -0.03027 0.96313 7.74390 6.46341 8.04878 
37.766 0.00568 0.04648 -2.27317 -0.03125 -0.03137 0.96387 7.74390 6.52439 8.04878 
37.924 0.00568 0.04648 -2.27317 -0.03589 -0.03040 0.96313 7.74390 6.46341 7.98780 
38.089 0.00568 0.04648 -2.27317 -0.03101 -0.03113 0.96484 7.74390 6.52439 8.04878 
38.231 0.00562 0.04664 -2.27317 -0.03772 -0.03186 0.96204 7.74390 6.52439 8.04878 
38.382 0.00562 0.04664 -2.27317 -0.03113 -0.03113 0.96313 7.74390 6.52439 7.98780 
38.529 0.00562 0.04664 -2.27317 -0.03479 -0.03198 0.96155 7.80488 6.52439 8.04878 
38.682 0.00562 0.04664 -2.27317 -0.03296 -0.03296 0.96667 7.74390 6.46341 7.98780 
38.832 0.00556 0.04681 -2.27317 -0.03381 -0.03247 0.96362 7.80488 6.52439 8.04878 
38.913 0.00556 0.04681 -2.27317 -0.03247 -0.03101 0.96350 7.80488 6.52439 7.98780 
38.982 0.00556 0.04681 -2.27317 -0.03259 -0.03162 0.96338 7.74390 6.40244 7.98780 
39.056 0.00556 0.04681 -2.27302 -0.03296 -0.03247 0.96362 7.74390 6.46341 7.98780 
39.133 0.00561 0.04692 -2.27316 -0.03333 -0.03137 0.96252 7.74390 6.46341 8.04878 
39.204 0.00561 0.04692 -2.27316 -0.03271 -0.02844 0.96741 7.68293 6.52439 7.98780 
39.275 0.00561 0.04692 -2.27316 -0.03503 -0.03186 0.96411 7.80488 6.46341 7.98780 
39.339 0.00561 0.04692 -2.27316 -0.03442 -0.03015 0.96252 7.74390 6.46341 8.04878 
39.412 0.00561 0.04692 -2.27316 -0.03394 -0.02991 0.96094 7.80488 6.52439 7.98780 
39.491 0.00562 0.04692 -2.27301 -0.03284 -0.03052 0.96533 7.74390 6.52439 8.04878 
39.564 0.00561 0.04692 -2.27316 -0.03650 -0.03076 0.96191 7.80488 6.46341 8.04878 
39.629 0.00562 0.04692 -2.27301 -0.03320 -0.02966 0.96375 7.80488 6.46341 7.98780 
39.7 0.00562 0.04692 -2.27301 -0.03564 -0.03271 0.96326 7.74390 6.46341 7.98780 
39.772 0.00562 0.04692 -2.27301 -0.03308 -0.03027 0.96350 7.74390 6.52439 7.98780 
39.838 0.00562 0.04692 -2.27301 -0.03149 -0.03162 0.96179 7.74390 6.52439 7.98780 
39.916 0.00562 0.04692 -2.27301 -0.03455 -0.02917 0.96655 7.74390 6.46341 8.04878 
39.99 0.00573 0.04687 -2.27301 -0.03369 -0.03064 0.96313 7.74390 6.52439 8.04878 
40.052 0.00573 0.04687 -2.27301 -0.03198 -0.03223 0.96594 7.74390 6.52439 7.98780 
40.116 0.00573 0.04687 -2.27301 -0.03271 -0.02832 0.96802 7.74390 6.52439 7.98780 
40.186 0.00584 0.04682 -2.27301 -0.03381 -0.03076 0.96606 7.74390 6.52439 8.04878 
40.256 0.00584 0.04682 -2.27316 -0.03589 -0.03162 0.96387 7.68293 6.52439 8.04878 
40.32 0.00589 0.04693 -2.27316 -0.03394 -0.03052 0.96558 7.80488 6.40244 7.98780 
40.382 0.00578 0.04698 -2.27316 -0.03284 -0.03186 0.96509 7.74390 6.58537 8.04878 
40.441 0.00578 0.04698 -2.27316 -0.03101 -0.02979 0.96436 7.74390 6.52439 8.04878 
40.507 0.00572 0.04687 -2.27316 -0.03333 -0.03088 0.96399 7.80488 6.52439 7.98780 
40.573 0.00572 0.04687 -2.27316 -0.03381 -0.03198 0.96497 7.74390 6.52439 8.04878 
40.639 0.00578 0.04698 -2.27316 -0.03186 -0.03003 0.96375 7.68293 6.46341 7.98780 
40.706 0.00578 0.04698 -2.27316 -0.03308 -0.03101 0.96558 7.80488 6.46341 8.04878 
40.777 0.00578 0.04698 -2.27316 -0.03210 -0.03308 0.96497 7.74390 6.46341 8.04878 
40.861 0.00578 0.04698 -2.27316 -0.03247 -0.03271 0.96594 7.74390 6.52439 7.98780 
40.941 0.00572 0.04687 -2.27316 -0.03137 -0.03101 0.96582 7.80488 6.52439 8.04878 
41.026 0.00572 0.04687 -2.27316 -0.03369 -0.03162 0.96143 7.74390 6.46341 7.98780 
41.097 0.00561 0.04692 -2.27316 -0.03296 -0.03101 0.96204 7.74390 6.46341 8.04878 
41.165 0.00561 0.04692 -2.27316 -0.03357 -0.03149 0.96826 7.74390 6.46341 7.98780 
41.234 0.00561 0.04692 -2.27316 -0.03210 -0.03076 0.96619 7.74390 6.52439 8.04878 
41.307 0.00561 0.04692 -2.27316 -0.03503 -0.03088 0.96179 7.80488 6.52439 8.04878 
41.379 0.00561 0.04692 -2.27316 -0.03052 -0.03088 0.96301 7.74390 6.46341 8.04878 
41.443 0.00561 0.04692 -2.27316 -0.03430 -0.03125 0.96594 7.74390 6.46341 8.04878 
41.515 0.00561 0.04692 -2.27331 -0.03149 -0.03040 0.96545 7.68293 6.46341 7.98780 
41.601 0.00556 0.04681 -2.27332 -0.03638 -0.03052 0.96130 7.74390 6.46341 8.04878 
41.665 0.00556 0.04681 -2.27332 -0.03210 -0.03333 0.96423 7.74390 6.52439 8.04878 
41.739 0.00561 0.04692 -2.27331 -0.03503 -0.02954 0.96301 7.74390 6.46341 7.98780 
41.814 0.00556 0.04681 -2.27332 -0.03418 -0.03296 0.96692 7.74390 6.52439 7.98780 
41.887 0.00561 0.04692 -2.27331 -0.03516 -0.03101 0.96191 7.74390 6.46341 8.04878 
41.955 0.00561 0.04692 -2.27331 -0.03064 -0.03247 0.96289 7.74390 6.46341 7.98780 
42.024 0.00550 0.04697 -2.27332 -0.03442 -0.03113 0.96436 7.80488 6.52439 8.10976 
42.087 0.00550 0.04697 -2.27332 -0.03174 -0.03308 0.96265 7.74390 6.52439 7.98780 
42.153 0.00550 0.04697 -2.27332 -0.03345 -0.03088 0.96277 7.74390 6.46341 7.98780 
42.218 0.00550 0.04697 -2.27332 -0.03027 -0.03088 0.96667 7.74390 6.40244 7.98780 
42.285 0.00550 0.04697 -2.27332 -0.03613 -0.03003 0.96289 7.74390 6.52439 8.04878 
42.352 0.00550 0.04697 -2.27332 -0.03015 -0.03101 0.96423 7.74390 6.58537 8.04878 
42.419 0.00550 0.04697 -2.27332 -0.03430 -0.03271 0.96179 7.74390 6.46341 7.98780 
42.488 0.00550 0.04697 -2.27332 -0.03198 -0.02979 0.96204 7.74390 6.52439 8.04878 
42.565 0.00561 0.04692 -2.27331 -0.03430 -0.03308 0.96362 7.74390 6.52439 8.10976 
42.639 0.00550 0.04697 -2.27332 -0.03381 -0.03125 0.96631 7.74390 6.52439 8.04878 
42.723 0.00561 0.04692 -2.27331 -0.03357 -0.03284 0.96497 7.80488 6.52439 7.98780 
42.788 0.00561 0.04692 -2.27331 -0.02966 -0.03125 0.96545 7.74390 6.52439 8.04878 
42.883 0.00561 0.04692 -2.27331 -0.03442 -0.03162 0.96387 7.74390 6.52439 7.98780 
