MPU6050 - 04/14/2018 23:30:20
0.09 1.0 -0.0 0.1 -1.0 83.9 119.2
0.29 1.0 -0.0 0.1 -1.0 83.4 120.9
0.389 1.0 -0.0 0.1 -1.0 83.9 118.4
0.494 1.0 -0.0 0.1 -1.0 84.0 117.5
0.59 1.0 -0.0 0.1 -1.0 83.6 119.3
0.688 1.0 -0.0 0.2 -1.0 83.2 121.2
0.79 1.0 -0.0 0.1 -1.0 83.8 118.1
0.891 1.0 -0.0 0.1 -1.0 83.7 118.4
0.988 1.0 -0.0 0.1 -1.0 83.4 119.8
1.09 1.0 -0.0 0.1 -1.0 82.9 121.8
1.287 1.0 -0.0 0.2 -1.0 82.8 121.2
1.387 1.0 -0.0 0.1 -1.0 83.2 118.6
1.488 1.0 -0.0 0.1 -0.9 83.0 118.6
1.589 1.0 -0.1 0.2 -1.4 82.7 117.8
1.689 1.0 0.0 0.2 -1.0 83.3 117.1
1.79 1.0 -0.0 0.1 -0.9 82.5 120.2
1.891 1.0 -0.0 0.2 -0.9 82.1 121.3
1.988 1.0 -0.0 0.1 -0.9 82.9 117.5
2.09 1.0 -0.0 0.2 -0.9 82.5 119.0
2.286 1.0 -0.0 0.1 -0.9 82.7 118.0
2.387 1.0 -0.0 0.1 -0.9 82.7 118.1
2.496 1.0 -0.0 0.1 -0.9 82.6 118.3
2.591 1.0 -0.0 0.2 -0.9 82.5 118.7
2.687 1.0 -0.0 0.1 -0.9 82.4 118.9
2.787 1.0 -0.0 0.1 -0.9 82.0 120.5
2.889 1.0 -0.0 0.2 -0.9 81.7 123.0
2.986 1.0 -0.0 0.1 -0.9 82.3 120.5
3.086 1.0 -0.0 0.2 -0.9 82.5 119.3
3.287 1.0 -0.0 0.1 -0.9 83.0 116.7
3.386 1.0 -0.0 0.1 -0.9 82.8 117.3
3.491 1.0 -0.0 0.1 -0.9 83.4 114.4
3.586 1.0 -0.0 0.1 -0.9 83.4 114.0
3.684 1.0 -0.0 0.1 -0.9 82.7 116.5
3.786 1.0 -0.0 0.1 -0.9 83.1 115.3
3.884 1.0 -0.0 0.1 -0.9 83.0 115.6
3.985 1.0 -0.0 0.1 -0.9 82.8 116.4
4.088 1.0 -0.0 0.1 -0.9 82.7 116.4
4.284 1.0 -0.0 0.1 -0.9 82.9 115.9
4.388 1.0 -0.0 0.1 -0.9 83.1 115.0
4.485 1.0 -0.0 0.2 -0.9 82.9 115.6
4.586 1.0 -0.0 0.1 -0.9 82.8 116.1
4.684 1.0 -0.0 0.1 -0.9 82.8 116.0
4.786 1.0 -0.0 0.1 -0.9 83.1 115.1
4.884 1.0 -0.0 0.1 -0.9 82.9 115.9
4.987 1.0 -0.0 0.1 -0.9 82.8 116.9
5.086 1.0 -0.0 0.1 -1.0 83.0 116.3
5.283 1.0 -0.0 0.1 -1.0 83.0 116.7
5.386 1.0 -0.0 0.1 -1.0 82.6 118.1
5.486 1.0 -0.0 0.1 -1.0 82.9 117.3
5.587 1.0 -0.0 0.1 -1.0 83.2 116.3
5.683 1.0 -0.0 0.1 -1.0 83.4 115.7
5.782 1.0 -0.0 0.2 -1.0 83.0 117.5
5.884 1.0 -0.0 0.1 -1.0 83.9 114.1
5.983 1.0 -0.0 0.1 -1.1 84.2 112.7
6.083 1.0 -0.0 0.1 -1.1 83.8 114.7
6.285 1.0 -0.0 0.1 -1.6 82.7 119.5
6.386 1.0 -0.0 0.1 -1.3 83.1 118.1
6.481 1.0 -0.0 0.2 -1.1 82.2 125.1
6.586 1.0 -0.0 0.1 -1.1 84.0 117.0
6.681 1.0 -0.0 0.1 -1.1 83.9 117.1
6.781 1.0 0.1 0.1 -1.0 84.3 116.6
6.882 1.0 -0.1 -0.1 -1.2 87.2 101.8
6.981 1.0 -0.0 0.1 -1.1 85.7 108.8
7.084 1.0 0.0 -0.1 0.2 87.5 102.1
7.28 1.0 0.0 -0.1 -1.1 88.6 94.8
7.38 1.0 -0.0 0.1 -1.0 84.6 122.2
7.482 1.0 -0.0 0.1 -0.9 82.0 139.6
7.59 1.0 -0.0 0.0 -0.9 82.0 140.5
7.679 1.0 -0.0 0.1 -0.8 81.3 143.3
7.78 1.0 -0.0 0.2 -0.7 78.6 152.2
7.882 1.0 -0.0 0.2 -0.8 78.5 152.2
7.979 1.0 -0.0 0.1 -0.9 81.2 146.1
8.081 1.0 -0.0 0.2 -0.7 80.7 145.2
8.28 1.0 -0.0 0.2 -0.7 79.9 147.7
8.378 1.3 -0.1 0.3 -0.9 79.8 148.9
8.48 1.0 -0.1 0.0 -0.4 85.6 128.8
8.578 0.8 -0.0 0.0 -2.9 85.5 117.6
8.678 1.0 0.0 0.0 0.4 86.6 124.6
8.779 1.0 0.0 0.1 2.5 86.0 121.3
8.879 1.0 0.0 0.1 3.0 85.0 129.2
8.977 1.0 0.1 0.1 4.0 85.2 121.8
9.08 1.1 0.0 0.1 3.5 85.7 119.9
9.279 1.0 0.1 0.0 1.9 87.0 119.7
9.377 1.1 -0.0 0.1 1.1 87.2 124.1
9.48 1.0 0.0 -0.0 1.2 88.9 91.6
9.577 1.0 0.0 -0.0 2.7 87.3 69.9
9.679 1.0 0.0 0.1 2.0 87.2 153.1
9.778 1.0 0.0 0.1 2.1 87.0 150.0
9.88 1.0 0.1 0.0 2.5 87.2 138.4
9.978 1.0 0.1 0.0 2.7 86.9 135.1
10.078 1.0 0.1 0.0 2.6 86.9 144.9
10.276 1.0 0.1 0.0 2.4 86.6 156.6
10.376 1.0 0.0 0.0 2.4 86.5 155.5
10.479 1.0 0.0 0.1 2.3 86.4 155.5
10.58 1.0 0.0 0.1 2.3 86.4 154.7
10.675 1.0 0.0 0.1 2.2 86.3 154.5
10.776 1.0 0.0 0.0 2.3 86.2 154.5
10.877 1.0 0.0 0.1 2.3 86.1 155.2
10.975 1.0 0.0 0.1 2.3 86.1 156.5
11.075 1.0 0.0 0.1 2.3 86.1 156.3
11.279 1.0 0.0 0.1 2.4 85.8 151.8
11.376 1.0 0.0 0.1 2.4 85.7 151.7
11.474 1.0 0.0 0.1 2.5 85.7 150.8
11.576 1.0 0.0 0.1 2.5 85.7 150.6
11.674 1.0 0.0 0.1 2.5 85.6 151.7
11.774 1.0 0.0 0.1 2.5 85.5 152.5
11.874 1.0 0.0 0.1 2.5 85.5 152.2
11.977 1.0 0.0 0.1 2.5 85.4 152.6
12.074 1.0 0.1 0.1 2.6 85.3 152.7
12.275 1.0 0.0 0.1 2.7 85.1 153.4
12.375 1.0 0.0 0.1 2.7 84.9 152.6
12.476 1.0 0.0 0.1 2.7 84.8 153.4
12.574 1.0 0.0 0.1 2.7 84.8 153.8
12.676 1.0 0.1 0.1 2.8 84.7 153.2
12.774 1.0 0.0 0.1 3.1 84.7 151.6
12.876 1.0 0.0 0.0 3.3 85.5 152.5
12.974 1.0 0.0 0.1 3.4 84.7 158.9
13.073 1.0 0.0 0.1 3.6 84.2 159.8
13.274 1.0 0.0 0.1 3.8 84.0 162.9
13.376 1.0 0.1 0.1 3.9 84.1 166.5
13.472 1.0 0.1 0.1 4.0 84.2 167.0
13.574 1.0 0.1 0.1 4.1 84.2 167.1
13.672 1.0 0.1 0.1 4.2 84.1 166.7
13.774 1.0 0.1 0.1 4.2 84.3 165.4
13.872 1.0 0.1 0.1 4.4 84.2 163.8
13.974 1.0 0.1 0.1 4.5 84.2 161.7
14.074 1.0 0.1 0.1 4.5 84.2 160.6
14.376 1.0 0.1 0.1 4.2 84.4 159.6
14.472 1.0 0.1 0.1 3.6 84.8 158.4
14.572 1.0 0.0 0.1 2.8 85.3 154.4
14.672 1.0 0.1 0.1 2.4 85.4 154.2
14.772 1.0 0.0 0.1 2.4 85.3 153.9
14.872 1.0 0.0 0.1 2.5 85.3 154.2
14.973 1.0 0.0 0.1 2.5 85.3 154.3
15.071 1.0 0.0 0.1 2.5 85.3 153.8
15.17 1.0 0.0 0.1 2.4 85.5 152.3
15.371 1.0 0.0 0.1 2.3 85.6 153.6
15.574 1.0 0.0 0.1 2.3 85.7 153.0
15.673 1.0 0.0 0.1 2.4 85.6 152.0
15.773 1.0 0.0 0.1 2.6 85.6 152.0
15.874 1.0 0.0 0.1 2.6 85.5 152.1
15.97 1.0 0.1 0.1 2.9 85.4 153.4
16.075 1.0 0.0 0.1 3.1 85.1 156.2
16.171 1.0 0.1 0.1 3.2 85.0 157.0
16.273 1.0 0.1 0.1 3.2 84.7 157.6
16.37 1.0 0.0 0.1 2.9 84.5 158.1
16.57 1.0 0.1 0.1 3.1 84.6 157.7
16.673 1.0 0.1 0.1 3.1 84.4 158.0
16.771 1.0 0.0 0.1 3.1 84.4 157.8
16.871 1.0 0.1 0.1 3.2 84.5 157.3
16.97 1.0 0.1 0.1 3.2 84.5 157.0
17.072 1.0 0.0 0.1 3.3 84.4 156.6
17.166 1.0 0.1 0.1 3.5 84.3 155.2
17.267 1.0 0.1 0.1 4.1 84.2 152.9
17.365 1.0 0.1 0.1 4.0 84.1 155.2
17.567 1.1 0.1 -0.0 9.4 79.7 -170.1
17.675 0.2 0.6 0.5 69.0 17.8 -165.5
17.772 -0.4 1.2 -0.3 79.4 -10.4 169.5
17.868 -0.2 1.0 -0.3 70.8 -16.7 109.4
17.967 0.2 0.9 0.0 78.8 8.4 46.5
18.067 0.6 0.6 -0.3 34.2 54.3 -20.4
18.167 0.9 0.4 0.0 20.9 69.0 -55.9
18.267 0.9 0.3 0.0 18.8 71.1 -55.3
18.367 1.0 0.3 -0.0 19.7 70.3 -59.9
18.568 1.0 0.3 -0.0 17.8 72.2 -83.8
18.666 1.0 0.2 0.0 15.7 74.3 -89.8
18.767 1.0 0.2 0.0 14.4 75.5 -103.3
18.866 1.0 0.3 0.0 15.6 74.4 -98.6
18.965 1.0 0.3 0.0 15.6 74.3 -97.4
19.065 1.0 0.3 0.0 15.4 74.6 -104.6
19.165 1.0 0.3 0.0 14.9 75.0 -108.7
19.268 1.0 0.5 0.0 25.0 65.0 -84.4
19.365 -0.1 1.5 -0.2 84.5 0.8 153.5
19.566 -0.3 0.9 -0.0 76.3 -11.9 146.0
19.667 -0.2 0.9 -0.0 78.9 -10.3 157.8
19.766 0.0 1.2 -0.0 88.6 -1.2 172.6
19.866 0.5 0.9 -0.0 64.5 24.6 37.6
19.964 0.8 0.6 -0.3 34.9 53.3 -0.5
20.066 0.9 0.3 -0.0 18.6 70.8 -9.2
20.164 0.9 0.1 0.1 9.6 80.1 -15.5
20.264 1.0 0.0 -0.0 4.7 84.9 -12.1
20.364 1.0 0.0 -0.0 1.8 87.6 -21.2
20.564 0.9 0.0 -0.1 1.8 85.6 0.7
20.663 1.0 0.0 -0.1 1.9 85.5 3.7
20.763 1.0 0.0 -0.1 1.7 85.4 9.7
20.864 1.0 0.0 -0.1 1.4 85.1 13.1
20.964 1.0 0.0 -0.1 1.2 85.2 16.0
21.061 1.0 0.0 -0.1 1.4 85.0 17.5
21.163 1.0 0.0 -0.1 0.7 85.3 17.7
21.263 1.1 0.0 -0.1 -0.0 87.2 25.3
21.665 -0.2 0.9 -0.1 71.4 -14.5 142.1
21.763 -0.2 1.1 -0.2 75.9 -11.4 145.7
21.863 -0.0 1.1 -0.1 83.7 -2.3 134.2
21.962 0.2 0.9 -0.1 77.9 9.2 89.8
22.061 0.5 0.9 -0.3 58.1 28.7 36.1
22.162 0.7 0.6 -0.3 34.7 51.8 13.8
22.263 0.9 0.2 -0.1 16.9 71.8 -8.5
22.36 1.0 0.0 0.1 5.5 84.3 -1.6
22.561 1.0 -0.0 -0.0 -0.2 88.9 22.3
22.662 1.0 -0.0 -0.1 -0.4 88.0 10.9
22.763 1.0 -0.0 -0.0 -0.7 87.7 12.5
22.861 1.0 -0.0 -0.0 -0.5 87.3 9.3
22.962 1.0 -0.0 -0.0 -0.4 87.2 9.1
23.061 1.0 -0.0 -0.0 -1.2 87.4 15.4
23.163 1.0 0.1 -0.1 -1.6 87.2 28.3
23.261 0.8 0.1 0.1 37.3 52.7 -31.0
23.362 -0.3 1.3 -0.5 76.0 -7.2 125.3
23.562 -0.2 1.0 -0.2 74.0 -13.9 146.8
23.662 -0.1 0.9 -0.1 78.7 -10.1 152.7
23.761 -0.2 0.9 -0.1 79.5 -9.4 154.6
23.86 -0.2 1.0 -0.1 79.2 -9.3 147.5
23.96 -0.1 1.1 -0.1 80.2 -7.2 137.2
24.059 0.1 1.1 -0.2 80.7 5.3 92.1
24.16 0.7 0.5 -0.5 44.3 40.7 21.1
24.258 0.8 0.2 -0.2 16.3 68.6 4.2
24.359 1.0 -0.1 -0.1 1.6 81.0 4.2
24.56 1.1 -0.0 -0.1 -3.6 82.9 23.1
24.66 1.0 -0.0 -0.1 -3.4 83.2 25.5
24.758 1.0 -0.1 -0.1 -3.5 83.3 27.7
24.86 1.0 -0.1 -0.1 -3.9 83.7 35.0
24.958 1.0 -0.1 -0.1 -4.1 83.8 39.4
25.06 1.0 -0.1 -0.1 -4.3 83.9 43.7
25.159 0.9 0.1 -0.1 7.9 79.8 20.1
25.259 0.5 0.9 0.4 73.5 15.2 -160.7
25.358 -0.1 1.2 0.1 77.9 -11.3 178.2
25.56 -0.2 1.0 -0.1 74.2 -14.4 172.3
25.659 -0.2 1.0 -0.0 76.0 -13.2 177.2
25.758 -0.2 1.0 -0.0 78.1 -11.1 174.1
25.859 -0.1 1.0 -0.1 81.0 -7.6 166.1
25.957 -0.1 1.0 -0.1 81.1 -7.4 164.9
26.058 0.0 1.0 -0.1 84.9 -3.6 165.6
26.157 0.3 1.0 -0.1 71.5 17.8 111.6
26.255 0.9 0.5 -0.3 39.0 49.5 39.0
26.356 0.9 0.3 -0.0 19.8 69.9 51.6
26.556 1.0 0.2 -0.0 12.0 77.8 61.6
26.655 1.0 0.2 -0.1 12.4 77.1 47.7
26.757 1.0 0.2 -0.1 12.9 76.4 44.2
26.856 1.0 0.2 -0.1 12.8 76.4 43.0
26.955 1.0 0.2 -0.1 11.7 77.4 42.9
27.055 1.0 0.2 -0.1 11.0 78.0 41.7
27.155 1.1 0.4 -0.1 24.7 64.5 30.5
27.255 0.5 1.1 0.4 77.2 12.1 -175.6
27.358 -0.1 1.1 -0.0 78.7 -10.5 179.7
27.557 -0.2 0.9 -0.2 74.6 -12.7 166.0
27.655 -0.2 0.9 -0.2 75.2 -12.7 168.8
27.755 -0.2 0.9 -0.2 73.9 -13.4 165.8
27.857 -0.2 1.0 -0.2 73.0 -13.7 162.5
27.957 -0.2 1.0 -0.2 73.7 -13.0 161.6
28.056 0.0 1.0 -0.1 78.9 -6.6 151.8
28.154 0.3 1.0 -0.1 69.0 16.9 80.4
28.254 0.6 0.7 -0.4 38.4 45.6 24.1
28.353 0.8 0.1 -0.1 15.6 69.8 2.2
28.554 1.0 0.3 -0.2 13.2 72.4 5.1
28.653 0.9 0.2 -0.2 13.9 71.9 5.8
28.754 1.0 0.3 -0.2 15.1 71.3 7.1
28.854 0.9 0.2 -0.1 14.8 72.0 8.6
28.954 1.0 0.2 -0.2 14.0 73.0 8.1
29.053 0.9 0.3 -0.1 16.8 70.0 7.3
29.152 0.8 0.8 -0.3 44.0 45.1 8.7
29.253 -0.0 1.0 0.0 86.8 -0.9 170.0
29.354 -0.1 1.1 0.0 68.8 -17.3 169.0
29.555 -0.3 1.1 -0.2 69.6 -17.7 164.9
29.655 -0.3 1.1 -0.1 70.8 -17.0 166.7
29.755 -0.1 1.0 -0.2 73.0 -13.1 153.6
29.852 0.2 1.0 -0.1 75.4 10.0 103.2
29.954 0.7 0.4 -0.4 45.0 42.0 34.9
30.053 0.9 0.4 -0.2 23.1 65.0 17.1
30.15 1.0 0.2 -0.1 12.5 77.2 33.0
30.252 1.0 0.1 0.1 9.4 80.6 116.5
30.349 1.0 0.1 0.0 8.5 81.5 107.5
30.549 1.0 0.1 0.0 7.3 82.7 110.2
30.651 1.0 0.1 0.0 8.4 81.6 105.8
30.752 0.8 0.8 0.1 38.7 51.3 -72.6
30.85 0.1 0.8 0.1 79.6 1.7 -149.3
30.951 -0.1 1.1 0.3 76.1 -13.8 -160.9
31.053 -0.3 1.0 -0.1 71.5 -18.3 -172.4
31.151 -0.3 0.9 -0.0 72.1 -17.7 -172.5
31.252 -0.3 0.9 -0.0 70.6 -19.1 -175.3
31.352 -0.3 1.0 -0.1 69.6 -19.9 -178.2
31.55 0.0 1.1 -0.1 79.8 -8.8 160.2
31.65 0.4 0.9 -0.1 63.3 23.8 45.6
31.751 0.6 0.5 -0.3 35.3 49.5 16.5
31.849 0.9 0.2 -0.1 16.3 70.9 4.0
31.95 1.0 0.1 -0.1 9.9 78.0 3.1
32.05 1.0 0.2 -0.1 9.0 79.1 0.6
32.15 1.0 0.2 -0.1 10.9 76.9 -1.2
32.248 1.0 0.2 -0.2 11.4 76.2 -1.6
32.35 1.0 0.2 -0.1 10.8 76.9 0.5
32.548 1.0 0.2 -0.1 10.5 77.2 1.7
32.648 1.0 0.2 -0.1 10.4 77.3 1.8
32.748 1.0 0.2 -0.1 10.7 77.1 2.1
32.848 0.5 0.6 0.2 45.2 44.8 -54.5
32.95 0.1 1.0 -0.1 85.0 -1.8 -156.2
33.049 -0.1 1.0 0.1 80.4 -9.5 -165.0
33.15 -0.1 1.0 0.1 79.2 -10.8 -169.3
33.251 -0.1 1.0 0.0 78.1 -11.9 -163.2
33.349 -0.2 1.0 0.0 77.8 -12.2 -164.2
33.551 -0.2 1.0 -0.0 77.6 -12.5 -170.0
33.649 -0.2 1.0 -0.0 77.6 -12.5 -171.4
33.75 -0.2 1.0 -0.0 77.5 -12.5 -171.9
33.85 -0.2 1.0 -0.0 77.6 -12.4 -172.7
33.948 -0.2 1.0 -0.0 77.4 -12.5 -173.9
34.048 -0.2 1.0 -0.0 77.2 -12.7 -174.4
34.151 -0.2 1.0 -0.0 77.3 -12.6 -174.7
34.249 -0.2 1.0 -0.0 77.2 -12.7 -175.1
34.349 -0.2 1.0 -0.0 77.2 -12.7 -175.3
34.548 -0.2 1.0 -0.0 77.3 -12.6 -176.6
34.648 -0.2 1.0 -0.0 77.5 -12.4 -176.3
34.748 -0.2 1.0 -0.0 77.8 -12.1 -176.1
34.847 -0.2 1.0 -0.0 79.1 -10.7 -177.9
34.948 -0.1 1.0 -0.0 84.7 -4.4 168.2
35.046 -0.0 1.0 -0.1 83.5 3.7 138.9
35.148 0.2 1.0 -0.1 76.1 10.5 105.3
35.245 0.4 0.9 -0.2 68.5 18.3 86.0
35.346 0.4 0.9 -0.2 62.2 24.8 69.0
35.544 0.6 0.7 -0.3 47.9 39.4 49.2
35.645 0.7 0.6 -0.2 38.8 48.7 46.6
35.745 0.8 0.5 -0.1 30.8 57.5 49.0
35.845 0.9 0.4 -0.1 25.1 63.6 55.8
35.945 0.9 0.3 -0.1 20.7 67.8 53.8
36.045 0.9 0.3 -0.2 17.1 71.0 49.2
36.144 1.0 0.2 -0.1 13.2 74.9 53.5
36.245 1.0 0.2 -0.1 9.5 78.7 60.1
36.343 1.0 0.1 -0.1 7.5 80.0 58.2
36.543 1.0 0.1 -0.1 6.4 80.3 55.9
36.643 1.0 0.1 -0.1 6.7 79.9 54.9
36.743 1.0 0.1 -0.2 6.9 79.3 52.9
36.842 1.0 0.1 -0.1 7.3 79.2 56.5
36.943 1.0 0.2 -0.1 7.6 79.1 57.2
37.043 1.0 0.2 -0.2 8.5 78.0 55.0
37.144 1.0 0.1 -0.2 9.4 77.6 56.7
37.242 1.1 0.1 -0.0 9.7 79.2 66.0
37.342 0.9 0.1 -0.1 9.8 79.7 74.4
37.544 1.1 0.0 0.2 9.5 80.2 127.8
37.64 1.1 0.1 0.1 5.8 82.3 137.8
37.742 1.1 0.3 0.2 3.0 80.9 139.5
37.841 0.9 0.0 0.1 1.9 83.3 127.9
37.941 1.0 0.1 0.1 3.6 84.0 119.0
38.044 1.1 -0.0 -0.0 3.6 84.5 115.7
38.142 1.0 -0.0 0.0 2.0 86.9 105.4
38.241 1.0 0.0 0.1 1.7 86.7 106.2
38.342 1.0 -0.0 0.0 0.4 86.8 107.3
38.542 1.0 -0.3 0.1 -0.9 85.8 110.3
38.643 1.0 -0.0 0.1 -1.0 86.5 106.1
