MPU6050 - 04/14/2018 23:27:17
0.101 1.0 0.1 0.0 7.0 83.0 97.3
0.199 1.1 0.1 -0.0 7.2 82.8 97.3
0.299 1.0 0.3 0.1 8.3 81.7 99.5
0.402 1.1 0.2 0.0 7.2 82.8 96.4
0.501 1.0 0.1 -0.0 7.6 82.5 97.5
0.6 1.0 0.1 0.1 7.2 82.9 97.7
0.803 1.1 0.3 0.1 7.5 82.1 100.7
0.904 1.0 0.3 0.1 8.4 81.2 101.7
1 1.1 0.1 -0.1 5.9 83.9 97.9
1.105 1.0 0.1 0.1 4.7 84.7 97.9
1.198 1.0 0.0 0.1 3.0 86.0 96.4
1.299 1.0 0.3 -0.1 4.0 86.0 93.4
1.401 1.0 0.1 -0.1 4.7 85.4 94.4
1.502 1.0 0.1 -0.0 4.0 86.0 94.0
1.598 1.0 0.0 0.0 2.8 87.3 93.0
1.8 1.0 0.2 0.0 2.1 87.9 91.7
1.898 1.0 0.1 0.1 1.1 89.0 90.9
1.998 1.0 0.0 -0.0 1.0 88.5 89.5
2.098 1.1 0.0 0.0 0.8 88.8 92.1
2.197 1.0 -0.0 0.0 1.1 88.6 92.4
2.301 1.0 -0.0 0.0 0.8 89.0 91.7
2.4 1.0 -0.0 0.0 0.4 89.3 91.3
2.498 1.0 -0.0 -0.1 0.5 89.3 91.2
2.601 1.0 -0.0 0.0 -0.2 86.6 94.4
2.801 1.1 -0.0 0.2 -1.5 81.6 98.2
2.903 1.0 -0.0 0.0 -0.8 85.5 94.8
3.001 1.0 0.0 -0.0 0.9 88.8 92.1
3.098 1.1 -0.0 0.1 1.2 88.4 92.7
3.195 1.0 0.0 0.1 1.0 88.2 93.0
3.296 1.0 0.0 0.0 0.5 88.2 92.7
3.4 1.0 -0.0 0.1 0.4 88.2 92.6
3.495 1.0 -0.0 0.0 0.6 89.3 91.2
3.599 1.0 -0.0 -0.1 -0.1 89.3 88.9
3.798 1.0 0.0 0.0 0.0 88.4 87.7
3.898 1.0 0.0 -0.1 1.4 86.5 86.5
3.999 1.0 0.1 -0.1 3.1 85.1 87.1
4.096 1.0 0.0 -0.0 4.0 84.7 88.8
4.196 1.0 0.1 -0.0 4.0 85.2 90.2
4.299 1.0 0.1 -0.0 3.5 85.8 90.2
4.395 1.0 0.1 -0.1 3.4 85.2 88.4
4.497 1.0 0.0 -0.0 3.2 85.0 87.5
4.596 1.0 0.1 -0.1 3.3 85.1 87.9
4.795 1.0 0.1 -0.1 3.1 85.8 89.0
4.897 1.0 0.1 -0.1 3.1 85.7 88.7
4.996 1.0 0.1 -0.0 3.2 85.7 89.1
5.099 1.0 0.1 -0.0 3.3 85.6 89.2
5.193 1.0 0.0 -0.1 3.2 85.7 89.0
5.293 1.0 0.1 -0.1 3.5 85.7 89.8
5.394 1.0 0.1 -0.0 3.7 85.6 90.2
5.496 1.0 0.1 -0.1 4.1 85.1 90.1
5.594 1.0 0.1 -0.0 4.5 85.2 92.1
5.797 1.0 0.1 -0.0 4.8 84.8 91.6
5.894 1.1 0.1 -0.1 5.3 84.3 92.0
5.997 0.9 -0.2 -0.3 4.6 83.2 87.1
6.091 0.9 0.1 0.0 6.1 83.9 95.4
6.196 1.0 0.1 0.1 5.4 84.6 95.6
6.293 1.0 0.1 0.1 4.8 85.2 95.0
6.394 1.2 0.2 -0.0 4.0 85.1 89.9
6.495 1.1 0.2 -0.0 5.7 84.0 92.7
6.592 1.1 0.1 -0.1 5.4 84.1 92.1
6.794 1.0 0.1 -0.0 6.4 83.6 95.1
6.892 1.0 0.1 -0.0 6.3 83.7 94.9
6.993 1.0 0.1 -0.1 6.4 83.5 94.9
7.094 1.0 0.1 0.0 6.7 83.3 95.8
7.193 1.0 0.1 -0.1 6.7 83.3 95.5
7.294 1.0 0.1 -0.0 6.5 83.5 95.0
7.391 1.0 0.1 -0.0 6.6 83.3 95.2
7.491 1.0 0.1 -0.0 6.5 83.4 94.9
7.592 1.0 0.1 -0.0 6.7 83.2 95.1
7.791 1.0 0.1 -0.0 6.6 83.3 95.0
7.892 1.0 0.1 -0.0 6.7 83.2 95.3
7.994 1.0 0.1 -0.0 6.8 83.1 95.5
8.096 1.0 0.1 -0.0 6.7 83.2 95.4
8.192 1.0 0.1 -0.0 6.8 83.2 95.6
8.29 1.0 0.1 0.0 6.9 83.1 95.6
8.39 1.0 0.1 -0.0 6.7 83.2 95.1
8.493 1.0 0.1 -0.0 6.8 83.2 95.3
8.591 1.0 0.1 0.0 6.9 83.1 95.7
8.79 1.0 0.1 0.0 6.9 83.1 96.1
8.889 1.0 0.1 -0.0 6.9 83.1 95.8
8.993 1.0 0.1 -0.0 7.0 83.0 95.9
9.091 1.0 0.1 -0.0 6.9 83.1 95.8
9.189 1.0 0.1 -0.0 6.9 83.1 96.0
9.291 1.0 0.1 0.0 6.9 83.1 96.4
9.395 1.0 0.1 -0.0 6.9 83.1 96.1
9.492 1.0 0.1 -0.0 6.9 83.2 96.3
9.591 1.0 0.1 -0.0 6.9 83.1 96.1
9.789 1.0 0.1 0.0 7.0 83.1 96.3
9.888 1.0 0.1 0.0 7.0 83.0 96.4
9.989 1.0 0.1 -0.0 7.1 82.9 96.4
10.088 1.0 0.1 -0.0 7.0 83.0 96.1
10.188 1.0 0.1 -0.0 7.1 82.9 96.3
10.288 1.0 0.1 0.0 7.1 82.9 96.5
10.388 1.0 0.1 -0.0 7.0 83.0 96.1
10.489 1.0 0.1 -0.0 7.1 82.9 96.4
10.588 1.0 0.1 0.0 7.2 82.8 96.6
10.788 1.0 0.1 -0.0 7.2 82.8 96.6
10.887 1.0 0.1 -0.0 7.2 82.8 96.6
10.989 1.0 0.1 -0.0 7.2 82.9 96.4
11.087 1.0 0.1 -0.0 7.3 82.7 96.6
11.186 1.0 0.1 -0.0 7.3 82.7 96.6
11.288 1.0 0.1 -0.0 7.3 82.8 96.6
11.385 1.0 0.1 -0.0 7.3 82.7 96.5
11.489 1.0 0.1 0.0 7.3 82.7 96.7
11.585 1.0 0.1 -0.0 7.3 82.7 96.6
11.785 1.0 0.1 -0.0 7.3 82.7 96.5
11.889 1.0 0.1 -0.0 7.3 82.7 96.4
11.988 1.0 0.1 -0.0 7.3 82.7 96.7
12.086 1.0 0.1 -0.0 7.3 82.7 96.7
12.186 1.0 0.1 -0.0 7.3 82.7 96.7
12.284 1.0 0.1 -0.0 7.3 82.7 96.8
12.389 1.0 0.1 0.0 7.4 82.7 97.0
12.486 1.0 0.1 -0.0 7.3 82.7 96.9
12.588 1.0 0.1 -0.0 7.3 82.7 96.9
12.785 1.0 0.1 -0.0 7.3 82.7 96.9
12.886 1.0 0.1 -0.0 7.3 82.7 96.9
12.987 1.0 0.1 0.0 7.3 82.7 97.0
13.084 1.0 0.1 0.0 7.4 82.6 97.3
13.183 1.0 0.1 -0.0 7.4 82.6 97.1
13.287 1.0 0.1 0.0 7.5 82.5 97.2
13.382 1.0 0.1 -0.0 7.5 82.6 96.9
13.487 1.0 0.1 -0.0 7.4 82.6 96.5
13.583 1.0 0.1 -0.0 7.4 82.6 96.7
13.785 1.0 0.1 -0.0 7.4 82.6 96.5
13.885 1.0 0.1 -0.0 7.4 82.6 96.7
13.982 1.0 0.1 -0.0 7.4 82.6 96.6
14.082 1.0 0.1 -0.0 7.4 82.6 96.6
14.182 1.0 0.1 -0.0 7.4 82.6 96.5
14.28 1.0 0.1 -0.0 7.4 82.6 96.4
14.381 1.0 0.1 -0.0 7.4 82.6 96.4
14.485 1.0 0.1 -0.0 7.4 82.6 96.4
14.583 1.0 0.1 -0.0 7.3 82.7 96.1
14.783 1.0 0.1 -0.0 7.2 82.8 95.9
14.881 1.0 0.1 -0.0 7.3 82.7 96.0
14.983 1.0 0.1 -0.0 7.3 82.7 95.9
15.081 1.0 0.1 -0.0 7.3 82.6 96.1
15.181 1.0 0.1 0.0 7.4 82.6 96.5
15.284 1.0 0.1 -0.0 7.4 82.6 96.4
15.384 1.0 0.1 -0.0 7.4 82.7 96.5
15.481 1.0 0.1 0.0 7.4 82.6 96.7
15.583 1.0 0.1 -0.0 7.3 82.7 96.4
15.785 1.0 0.1 0.0 7.3 82.7 96.6
15.883 1.0 0.1 -0.0 7.3 82.7 96.4
15.98 1.0 0.1 -0.0 7.3 82.7 96.5
16.08 1.0 0.1 -0.0 7.3 82.7 96.6
16.181 1.0 0.1 -0.0 7.3 82.7 96.5
16.281 1.0 0.1 -0.0 7.3 82.7 96.5
16.384 1.0 0.1 -0.0 7.3 82.7 96.5
16.481 1.0 0.1 -0.0 7.4 82.6 96.7
16.579 1.0 0.1 -0.0 7.3 82.7 96.6
16.779 1.0 0.1 -0.0 7.3 82.7 96.5
16.878 1.0 0.1 -0.0 7.3 82.7 96.3
16.98 1.0 0.1 0.0 7.4 82.6 96.3
17.079 1.0 0.1 -0.0 7.0 82.9 95.3
17.178 1.0 0.1 0.0 7.0 82.9 95.7
17.281 1.0 0.1 -0.0 6.8 83.1 95.2
17.38 1.0 0.1 -0.0 7.0 83.0 96.1
17.478 1.0 0.1 -0.0 6.8 83.2 95.5
17.578 1.0 0.1 -0.1 6.5 83.4 94.4
17.779 1.1 0.1 -0.1 7.1 82.7 94.8
17.878 1.0 0.1 -0.0 7.3 82.6 95.0
17.983 1.0 0.1 0.0 7.6 82.4 96.4
18.077 1.0 0.2 0.0 6.4 83.4 94.0
18.177 1.1 0.1 0.1 7.3 82.8 98.3
18.279 1.0 0.1 0.1 7.5 82.4 99.3
18.378 1.0 0.1 0.0 6.6 83.4 97.4
18.478 1.0 0.1 0.1 6.8 82.9 100.0
18.579 1.0 0.1 0.0 7.2 82.5 100.5
18.776 1.0 0.1 0.1 6.6 83.2 98.9
18.877 1.0 0.1 0.0 6.9 83.0 98.7
18.98 1.0 0.2 0.0 6.7 82.7 101.2
19.081 1.6 0.2 0.1 3.9 86.1 92.6
19.177 -0.2 0.1 -0.3 -12.7 22.1 42.5
19.908 1.0 0.1 -0.2 8.7 76.8 -63.4
20.007 0.9 0.0 -0.2 8.2 78.4 -66.8
20.107 1.0 0.0 -0.2 7.9 79.5 -69.2
20.208 1.0 0.0 -0.1 7.4 80.3 -70.7
20.309 1.0 0.0 -0.2 7.2 80.2 -70.7
20.407 1.0 0.0 -0.2 7.0 80.5 -71.2
20.506 1.0 0.0 -0.2 6.4 80.9 -72.3
20.61 1.0 -0.0 -0.0 3.6 83.8 -77.6
20.809 1.0 -0.0 -0.1 2.3 84.5 -79.2
20.907 1.0 0.0 -0.1 2.9 84.5 -79.5
21.008 1.0 0.0 -0.1 3.6 84.1 -78.8
21.106 1.0 0.1 -0.1 4.3 83.5 -77.9
21.205 1.0 0.1 -0.1 4.4 83.6 -78.1
21.307 1.0 0.0 -0.1 4.3 83.9 -78.6
21.405 1.0 0.0 -0.1 3.8 84.0 -78.7
21.507 1.0 0.0 -0.1 3.7 83.7 -78.1
21.605 1.0 0.0 -0.1 3.3 84.6 -79.7
21.805 1.0 0.0 -0.1 2.7 84.7 -79.9
21.905 1.0 0.0 -0.2 2.5 84.3 -79.4
22.006 1.0 0.0 -0.1 1.9 84.6 -80.1
22.108 1.0 0.0 -0.1 1.6 84.1 -79.6
22.204 1.0 0.0 -0.1 1.8 84.0 -79.2
22.31 1.0 0.0 -0.2 2.2 83.7 -78.5
22.409 1.0 -0.0 -0.1 1.8 85.1 -80.8
22.504 1.0 -0.0 -0.0 -0.1 85.7 -83.3
22.605 1.0 -0.0 -0.1 -1.3 84.0 -82.3
22.805 1.0 -0.0 -0.1 -1.6 84.5 -82.5
22.905 1.0 -0.1 -0.1 -1.8 84.2 -82.2
23.006 1.0 -0.0 -0.1 -2.6 84.7 -85.0
23.104 1.0 0.0 -0.2 -2.2 84.1 -82.8
23.207 1.0 -0.1 -0.0 -2.0 85.0 -83.3
23.305 1.0 -0.0 -0.1 -1.6 86.2 -85.3
23.404 1.0 -0.1 0.1 -3.0 87.0 -92.6
23.505 1.0 -0.1 0.0 -4.1 85.9 -95.3
23.606 1.0 -0.0 -0.1 -3.6 85.6 -89.2
23.806 1.0 -0.0 -0.1 -3.1 82.1 -81.1
23.904 1.0 -0.1 -0.1 -3.1 81.8 -80.0
24.007 1.0 -0.0 -0.2 -3.4 82.3 -81.6
24.104 1.0 -0.0 -0.1 -4.1 83.5 -84.7
24.201 1.0 -0.1 -0.1 -5.7 83.6 -90.0
24.303 1.0 -0.1 -0.0 -6.9 83.1 -96.9
24.406 1.0 -0.2 0.1 -7.1 82.7 -100.7
24.505 1.0 -0.1 0.0 -6.8 83.2 -96.1
24.602 1.0 -0.1 -0.1 -5.9 83.7 -91.4
24.805 1.0 -0.1 0.0 -5.4 83.5 -88.5
24.903 1.0 -0.0 -0.1 -5.0 82.4 -85.1
25.001 1.0 -0.1 -0.2 -4.2 81.7 -81.5
25.104 1.0 -0.1 -0.1 -3.7 81.5 -80.6
25.201 1.0 -0.1 -0.1 -3.2 81.4 -80.0
25.307 1.0 -0.0 -0.2 -2.1 81.3 -78.1
25.403 1.2 -0.1 -0.1 -0.9 82.3 -78.1
25.501 0.8 0.1 -0.2 -1.3 84.3 -81.7
25.601 1.0 -0.0 -0.1 -2.2 84.9 -83.6
25.803 1.0 -0.0 -0.2 -2.1 82.2 -78.5
25.901 1.0 -0.0 -0.1 -1.5 82.5 -77.7
26.005 1.0 -0.0 -0.1 -1.5 83.0 -78.7
26.101 1.0 -0.0 -0.1 -1.5 83.9 -80.5
26.201 1.0 -0.1 -0.1 -2.5 84.1 -82.1
26.302 1.0 -0.1 -0.1 -3.5 84.6 -85.2
26.401 1.0 -0.1 -0.0 -3.1 85.2 -86.0
26.502 1.0 -0.0 -0.1 -2.3 85.2 -84.3
26.599 1.0 -0.0 -0.1 -3.1 84.9 -85.2
26.803 1.0 -0.1 -0.1 -4.7 83.1 -84.3
26.899 1.0 -0.1 -0.1 -5.0 83.5 -86.4
26.998 1.0 -0.1 -0.1 -5.3 83.5 -87.5
27.099 1.3 0.2 -0.1 -4.6 83.4 -84.2
27.2 0.5 -0.3 0.5 -15.6 38.9 -30.4
27.301 -0.7 -0.3 -0.9 -18.6 -6.1 -39.8
27.399 0.0 -0.2 -1.3 -11.9 -8.4 -41.3
27.499 0.1 -0.1 -1.0 -10.5 -1.9 -40.1
27.598 0.2 -0.1 -1.1 -10.0 9.2 -39.8
27.8 1.0 -0.1 -0.3 -4.7 65.4 -55.6
27.898 1.1 -0.1 0.1 -2.5 84.4 -81.5
27.999 1.0 -0.0 0.1 -0.5 88.0 -95.2
28.099 1.0 -0.0 0.0 0.3 86.6 -97.8
28.196 1.0 0.0 0.1 0.2 87.2 -96.5
28.296 1.0 -0.0 0.0 -0.1 88.4 -94.0
28.397 1.0 0.0 -0.0 -0.1 89.3 -91.9
28.497 1.0 -0.0 0.0 -0.2 88.9 -92.9
28.596 1.0 0.0 0.0 -0.2 88.6 -93.6
28.8 1.0 -0.0 0.0 -0.3 88.4 -94.2
28.896 1.0 -0.0 0.0 -0.4 88.6 -93.8
28.997 1.0 -0.0 0.0 -0.3 88.8 -93.2
29.098 1.0 -0.0 0.0 -0.3 89.0 -92.7
29.197 1.0 -0.0 -0.0 -0.4 88.8 -93.2
29.297 1.0 -0.0 0.1 -0.6 87.0 -97.9
29.395 1.0 -0.0 0.1 -0.5 87.1 -97.5
29.505 1.0 -0.0 0.0 -0.5 87.4 -96.8
29.6 1.0 -0.0 0.0 -0.2 87.7 -95.8
29.803 1.0 -0.0 0.0 -0.0 88.1 -94.8
29.895 1.0 -0.0 0.0 0.0 88.2 -94.3
29.996 1.0 0.0 0.0 0.1 88.2 -94.2
30.098 1.0 -0.0 0.0 0.1 88.2 -94.4
30.197 1.0 -0.0 0.0 0.1 88.1 -94.6
30.297 1.0 -0.0 0.0 0.1 88.1 -94.5
30.395 1.0 -0.0 0.0 0.1 88.1 -94.6
30.495 1.0 -0.0 0.0 0.1 88.2 -94.2
30.596 1.0 -0.0 0.0 0.1 88.3 -94.1
30.794 1.0 0.0 0.0 0.2 88.3 -94.1
30.894 1.0 -0.0 0.0 0.1 88.2 -94.3
30.992 1.0 -0.0 0.0 0.1 88.2 -94.3
31.097 1.0 -0.0 0.0 0.1 88.3 -94.1
31.193 1.0 -0.0 0.0 0.1 88.4 -93.9
31.293 1.0 -0.0 0.0 0.1 88.5 -93.5
31.396 1.0 0.0 0.0 0.1 88.5 -93.6
31.495 1.0 -0.0 0.0 0.0 88.5 -93.7
31.598 1.0 -0.0 0.0 0.1 88.5 -93.6
31.796 1.0 -0.0 0.0 0.1 88.5 -93.7
31.892 1.0 -0.0 0.0 0.1 88.5 -93.7
31.993 1.0 -0.0 0.0 0.1 88.5 -93.7
32.091 1.0 -0.0 0.0 0.1 88.5 -93.7
32.192 1.0 0.0 0.0 0.2 88.4 -93.8
32.293 1.0 -0.0 0.0 0.1 88.5 -93.6
32.394 1.0 0.0 0.0 0.2 88.5 -93.5
32.491 2.0 -0.1 0.5 -2.4 85.0 -80.2
32.592 -1.4 0.1 -0.9 -10.7 5.7 -31.9
32.795 0.7 0.1 -0.8 -2.8 30.5 -43.5
32.895 0.5 -0.1 -0.5 -3.3 43.9 -45.0
32.994 0.7 -0.1 -0.6 -4.5 55.3 -49.2
33.092 0.8 -0.1 -0.5 -3.2 64.1 -53.9
33.19 1.0 -0.0 -0.1 -2.2 79.4 -72.3
33.292 1.0 -0.0 0.1 -0.7 88.8 -92.9
33.389 1.0 0.0 0.1 1.2 81.9 -106.0
33.492 1.0 0.0 0.3 2.5 77.8 -113.4
33.589 1.0 0.1 0.3 3.0 76.7 -115.4
33.789 1.0 0.0 0.2 2.8 78.5 -112.6
33.889 1.0 0.0 0.2 2.5 79.2 -111.7
33.991 1.0 0.0 0.2 2.3 78.9 -112.9
34.088 1.0 0.0 0.2 2.4 78.9 -113.1
34.189 1.0 0.0 0.2 2.4 78.9 -113.1
34.295 1.0 0.0 0.2 2.3 79.0 -112.9
34.39 1.0 0.0 0.2 2.3 78.8 -113.3
34.488 1.0 0.0 0.2 2.2 78.8 -113.5
34.592 1.0 0.0 0.2 2.2 79.1 -112.6
34.79 1.0 0.0 0.2 2.3 79.0 -112.8
34.891 1.1 0.1 0.1 2.3 78.8 -113.8
34.994 0.8 0.2 1.1 -3.3 62.0 -36.8
35.09 -0.7 -0.2 -1.0 -10.3 8.9 -30.7
35.188 0.3 -0.1 -1.3 -5.6 8.1 -29.0
35.289 0.4 -0.0 -1.0 -4.8 14.2 -28.3
35.388 0.3 -0.0 -1.0 -4.9 19.1 -28.6
35.491 0.3 -0.1 -0.8 -5.4 26.4 -29.4
35.589 0.6 -0.1 -0.7 -6.0 41.0 -31.4
35.787 0.9 -0.0 -0.4 -3.4 63.2 -41.9
35.889 0.9 0.0 -0.3 -2.1 72.0 -54.1
35.992 1.1 -0.0 -0.2 -1.1 81.7 -73.1
36.09 1.1 -0.0 0.0 -1.5 87.1 -97.3
36.186 1.0 -0.0 0.1 -0.9 82.6 -107.0
36.287 1.0 0.0 0.2 -0.2 79.6 -112.6
36.392 1.0 -0.0 0.2 -0.0 77.1 -117.4
36.487 1.0 0.0 0.2 0.2 77.1 -117.1
36.588 1.0 0.0 0.2 0.3 77.6 -116.0
36.789 1.0 0.0 0.2 0.5 77.1 -116.8
36.886 1.0 -0.0 0.2 0.7 77.3 -116.1
36.988 1.0 0.0 0.2 0.8 77.6 -115.5
37.086 1.9 0.0 0.5 -0.8 85.1 -102.4
37.188 -0.7 0.1 -0.3 -7.7 20.0 -25.2
37.291 0.4 -0.0 -1.1 -4.6 12.2 -29.5
37.388 0.4 -0.1 -1.0 -2.9 16.4 -28.7
37.491 0.4 -0.1 -0.9 -3.5 18.7 -28.1
37.589 0.3 -0.0 -0.9 -3.1 21.1 -28.7
37.785 0.6 -0.0 -0.9 -1.9 33.6 -30.0
37.886 0.8 -0.0 -0.6 0.3 53.8 -37.6
37.984 1.0 0.0 -0.2 2.9 76.1 -60.2
38.086 0.9 0.0 0.2 3.2 82.2 -101.8
38.185 0.9 0.0 0.4 2.4 68.4 -124.1
38.284 0.9 0.0 0.6 1.7 57.1 -136.7
38.386 0.8 0.0 0.7 2.4 52.1 -141.6
38.487 0.8 0.1 0.6 2.6 52.6 -141.5
38.584 0.8 0.0 0.6 2.4 53.7 -141.7
38.787 0.8 0.0 0.6 2.3 54.9 -140.8
38.884 0.9 0.0 0.6 2.2 55.3 -140.5
38.983 0.9 0.1 0.6 2.1 55.9 -139.9
39.085 1.4 0.0 1.3 -1.1 85.8 -79.3
39.185 -1.2 -0.2 -1.1 -9.4 12.8 -29.6
39.286 0.6 -0.2 -1.1 -6.9 14.3 -31.6
39.383 0.4 -0.1 -0.9 -6.6 18.5 -31.4
39.484 0.3 -0.1 -0.9 -6.8 20.4 -31.9
39.584 0.3 -0.1 -0.9 -6.9 22.5 -32.4
39.785 0.6 -0.1 -0.7 -4.6 40.6 -33.3
39.883 0.7 -0.1 -0.4 -2.8 52.8 -35.8
39.984 0.9 -0.0 -0.3 1.0 67.9 -45.7
40.083 1.0 0.0 0.0 3.3 86.6 -84.7
40.183 1.0 0.0 0.4 3.6 70.1 -123.8
40.285 0.9 0.1 0.6 3.5 59.2 -135.3
40.381 0.9 0.0 0.6 3.3 56.7 -137.0
40.482 0.8 0.0 0.7 2.6 54.4 -139.9
40.583 0.8 -0.0 0.6 2.2 53.6 -141.1
40.781 0.8 0.0 0.6 2.2 53.9 -140.9
40.879 1.0 0.2 0.6 2.0 55.6 -140.0
40.984 1.0 0.1 1.9 -5.7 61.8 -32.5
41.083 -0.1 -0.0 -0.9 -11.1 18.2 -31.1
41.183 0.6 -0.2 -0.9 -6.5 26.5 -29.8
41.28 0.6 -0.1 -0.9 -7.1 29.0 -30.2
41.381 0.6 -0.1 -0.8 -7.5 30.3 -29.7
41.483 0.5 -0.1 -0.9 -7.2 29.1 -29.5
41.584 0.6 -0.1 -0.9 -6.6 33.2 -29.7
41.78 1.1 -0.1 -0.1 -2.9 79.8 -69.4
41.883 1.0 -0.0 0.1 -0.5 84.8 -103.1
41.982 1.0 0.0 0.4 1.3 70.3 -126.8
42.081 0.9 0.0 0.5 2.1 62.2 -135.2
42.179 0.9 0.0 0.6 2.9 58.9 -138.4
42.278 0.9 0.0 0.6 3.1 55.7 -141.3
42.383 0.9 0.1 0.5 3.2 55.9 -141.2
42.482 0.9 0.1 0.6 3.2 56.0 -141.3
42.582 1.3 0.2 0.9 -0.5 73.8 -126.1
42.778 0.1 -0.1 -1.4 -4.9 2.2 -34.8
42.883 0.0 -0.1 -0.9 -4.8 3.9 -33.7
42.982 -0.0 -0.1 -1.0 -3.9 5.7 -33.4
43.079 0.1 -0.1 -0.9 -4.3 7.8 -32.7
43.179 0.2 -0.1 -0.9 -4.9 9.4 -32.0
43.279 0.2 -0.1 -1.0 -5.5 10.7 -31.4
43.38 0.2 -0.1 -1.0 -6.4 18.2 -31.9
43.478 0.4 -0.2 -0.5 -6.1 41.0 -35.2
43.577 1.0 -0.1 -0.1 -2.8 75.4 -60.9
43.777 0.8 0.0 0.3 1.5 68.0 -135.6
43.881 0.9 0.1 0.5 3.2 61.7 -143.0
43.976 0.9 0.0 0.6 3.5 58.8 -145.8
44.081 0.9 0.1 0.5 3.4 58.3 -146.5
44.18 0.9 0.0 0.5 3.2 59.2 -146.0
44.278 0.9 0.0 0.5 3.1 59.6 -145.6
44.377 0.9 0.0 0.5 3.2 59.5 -145.6
44.479 1.6 -0.1 0.6 2.6 63.7 -141.8
44.576 0.4 0.0 0.6 -9.0 49.1 -29.1
44.776 1.0 -0.1 -1.1 -7.1 36.0 -38.5
44.882 0.6 -0.2 -0.8 -7.9 35.9 -37.5
44.977 0.6 -0.1 -0.8 -8.4 33.1 -35.0
45.077 0.5 -0.2 -0.8 -8.5 30.7 -33.9
45.175 0.5 -0.1 -0.8 -8.3 35.9 -35.8
45.278 0.8 -0.0 -0.6 -5.1 60.0 -48.2
45.376 1.1 -0.1 0.1 -2.3 87.4 -95.6
45.478 0.9 -0.0 0.4 -0.7 67.9 -130.8
45.574 0.8 0.0 0.6 1.3 58.0 -139.9
45.776 0.9 0.0 0.6 2.5 54.9 -141.5
45.877 0.9 0.0 0.6 2.2 56.3 -140.9
45.975 0.9 0.0 0.5 2.0 56.9 -140.7
46.076 0.9 0.0 0.5 2.0 56.6 -141.4
46.178 0.9 0.0 0.6 2.0 56.4 -141.7
46.275 1.0 0.1 0.7 1.9 58.0 -141.3
46.375 1.1 0.1 1.1 -6.1 57.2 -27.9
46.476 -0.6 -0.4 -0.9 -15.0 5.7 -28.9
46.576 0.4 -0.2 -1.1 -12.3 11.3 -28.2
46.878 0.2 -0.2 -0.8 -12.1 11.6 -27.6
46.975 0.2 -0.2 -1.0 -12.0 11.3 -27.4
47.077 0.2 -0.2 -0.9 -12.2 11.5 -27.0
47.177 0.2 -0.2 -0.9 -12.0 11.9 -26.7
47.279 0.2 -0.2 -0.9 -11.9 12.3 -26.6
47.375 0.2 -0.2 -1.0 -12.0 12.7 -26.4
47.478 0.3 -0.2 -0.9 -12.3 14.0 -26.3
47.578 0.3 -0.2 -1.0 -10.9 21.3 -26.8
47.679 1.5 -0.2 -1.0 -2.3 56.1 -31.7
47.874 0.9 -0.0 0.1 1.7 87.3 -81.9
48.078 1.1 0.0 -0.5 0.5 67.1 -40.7
48.175 1.2 0.3 -1.0 -1.6 61.5 -39.0
48.276 0.8 -0.1 -0.5 -2.1 57.8 -33.1
48.374 1.0 -0.0 -0.2 -1.5 72.7 -51.5
48.475 1.0 -0.0 -0.2 -1.1 74.1 -51.9
48.576 1.3 0.1 -0.3 0.2 79.4 -62.0
48.67 1.1 0.0 -0.1 1.1 86.3 -78.6
48.775 1.0 0.0 0.2 1.4 83.6 -106.5
48.874 1.0 0.0 0.2 1.9 82.3 -109.2
49.074 1.0 0.0 0.1 2.0 84.7 -101.8
49.17 1.0 0.0 0.1 2.0 85.0 -101.2
49.27 1.0 0.0 0.1 2.0 85.1 -101.0
49.37 1.0 0.0 0.1 1.6 85.1 -102.0
49.469 1.0 0.0 0.1 1.5 84.9 -102.7
49.571 1.0 0.0 0.1 1.6 85.0 -102.3
49.673 1.7 0.2 0.3 -2.5 78.1 -57.3
49.774 -1.3 -0.3 -0.5 -18.5 4.3 -26.4
49.87 -0.1 -0.3 -1.0 -15.3 -7.2 -30.0
50.075 -0.1 -0.2 -0.9 -13.5 -3.0 -28.8
50.171 -0.0 -0.2 -0.9 -14.1 -1.5 -28.4
50.27 0.1 -0.2 -1.0 -14.0 -0.3 -27.9
50.369 0.1 -0.3 -0.9 -14.4 5.5 -28.0
50.47 0.3 -0.2 -0.9 -14.0 16.8 -28.4
50.571 0.4 -0.2 -1.0 -12.7 23.9 -29.0
50.671 0.5 -0.2 -0.8 -13.2 29.8 -30.0
50.77 0.6 -0.2 -0.8 -12.9 35.4 -31.0
50.87 0.7 -0.2 -0.7 -11.1 44.2 -33.4
51.071 0.9 -0.1 -0.3 -7.0 67.6 -54.8
51.17 0.9 -0.1 -0.1 -7.7 71.3 -61.2
51.269 0.8 -0.0 -0.7 -5.5 63.4 -47.1
51.367 0.8 -0.2 -0.0 -7.0 67.6 -52.0
51.468 0.9 -0.0 -0.3 -6.8 69.5 -55.8
51.569 1.2 -0.1 -0.3 -6.8 77.0 -72.4
51.67 0.9 -0.2 -0.1 -6.1 80.4 -77.9
51.768 1.0 -0.1 -0.1 -5.0 84.1 -87.2
51.866 1.0 -0.1 -0.1 -3.8 85.9 -89.7
52.069 1.0 -0.1 0.1 -3.1 85.7 -101.2
52.167 1.0 -0.1 0.0 -2.9 85.9 -100.7
52.267 1.0 -0.1 0.0 -2.9 86.5 -98.4
52.366 1.0 -0.1 0.1 -2.9 86.6 -97.9
52.468 1.0 -0.1 0.0 -2.9 86.8 -96.9
52.566 1.1 0.0 -0.0 -3.1 86.7 -96.9
52.667 1.6 0.3 0.6 -11.3 48.1 -22.0
52.768 -0.9 -0.6 -0.4 -22.5 -7.0 -29.5
52.869 -0.1 -0.3 -1.2 -13.2 -11.7 -29.6
53.07 -0.2 -0.2 -1.0 -13.1 -9.2 -30.2
53.167 -0.2 -0.2 -1.0 -13.5 -8.8 -30.7
53.268 -0.2 -0.3 -0.9 -13.5 -6.2 -30.7
53.366 0.2 -0.3 -1.0 -15.1 7.0 -31.9
53.469 0.2 -0.3 -0.8 -15.6 10.7 -31.8
53.565 0.3 -0.2 -1.0 -15.1 14.4 -32.1
53.668 -0.2 -0.5 -0.7 -17.9 9.6 -28.5
53.765 1.1 -0.1 -1.0 -14.3 31.5 -34.1
53.865 0.4 -0.2 -0.8 -12.5 28.5 -30.2
54.065 0.5 -0.1 -0.6 -8.7 47.5 -36.7
54.166 0.8 -0.1 -0.3 -7.7 64.7 -49.3
54.265 0.7 -0.1 -0.1 -4.6 81.3 -74.8
54.368 1.0 -0.1 0.3 -2.4 84.7 -107.0
54.465 1.0 -0.0 0.1 -1.9 85.3 -104.7
54.565 1.0 -0.0 -0.2 -2.1 87.9 -91.8
54.664 1.0 -0.1 -0.0 -2.9 87.2 -91.6
54.765 1.0 -0.1 -0.0 -3.0 87.0 -90.9
54.864 1.0 -0.1 -0.0 -2.8 87.1 -90.3
55.065 1.0 -0.1 -0.0 -2.9 86.8 -88.7
55.164 1.1 -0.0 0.0 -3.3 86.1 -87.3
55.262 1.4 0.2 0.5 -9.7 54.1 -28.9
55.365 -1.1 -0.5 -1.0 -15.9 -2.1 -28.0
55.463 0.3 -0.4 -0.8 -12.5 1.8 -27.8
55.563 -0.1 -0.1 -0.9 -10.4 2.9 -27.9
55.663 0.1 -0.2 -0.9 -9.2 6.2 -27.7
55.764 0.1 -0.1 -1.0 -9.2 8.8 -28.5
55.867 0.1 -0.2 -0.7 -10.6 13.7 -31.3
56.064 0.2 -0.2 -0.7 -11.0 17.9 -32.5
56.162 0.3 -0.2 -0.9 -9.5 24.3 -33.1
56.262 0.7 -0.2 -0.9 -9.6 36.9 -33.8
56.362 0.8 -0.1 -0.6 -6.7 56.9 -42.3
56.465 1.0 -0.1 -0.1 -3.4 79.7 -68.7
56.561 1.0 0.0 0.1 0.4 84.3 -105.1
56.662 1.0 0.1 0.2 2.1 79.1 -116.1
56.762 1.0 0.0 0.2 2.7 77.8 -119.6
56.862 1.0 0.0 0.2 2.6 80.3 -113.8
57.06 1.1 0.1 -0.0 2.2 86.3 -97.0
57.161 1.3 0.0 0.3 -4.2 64.6 -30.0
57.263 -0.9 -0.3 -0.7 -13.9 12.5 -24.4
57.361 0.7 -0.1 -1.1 -8.6 27.8 -31.9
57.46 0.3 -0.2 -0.5 -9.5 29.1 -28.8
57.562 0.8 0.0 -1.1 -8.8 33.5 -33.2
57.661 0.3 -0.2 -0.8 -9.1 28.2 -30.4
57.764 0.2 -0.3 -0.5 -9.2 29.4 -29.5
57.86 1.0 -0.1 -0.8 -9.2 39.6 -34.4
58.061 0.3 -0.2 -0.9 -10.9 28.4 -27.9
58.162 0.6 -0.1 -0.9 -10.2 38.5 -32.0
58.261 0.9 -0.1 -0.6 -7.3 57.3 -39.6
58.361 0.9 -0.1 0.1 -5.5 83.3 -84.2
58.459 0.9 -0.0 0.1 -2.7 80.7 -117.1
58.559 1.0 0.0 0.4 0.2 77.3 -124.9
58.658 1.0 0.0 0.1 0.7 79.8 -117.0
58.76 1.0 -0.0 0.1 0.7 82.5 -110.6
58.859 1.0 -0.0 0.1 0.4 83.4 -109.0
59.06 1.1 0.1 0.0 -0.1 84.2 -107.6
59.159 1.2 0.1 0.7 -13.8 51.5 -20.2
59.26 -1.3 -0.6 -0.8 -22.6 -11.2 -28.7
59.363 0.0 -0.4 -1.1 -18.7 -9.2 -29.8
59.459 -0.0 -0.4 -0.8 -20.4 -5.4 -28.3
59.559 -0.0 -0.3 -0.9 -20.7 -0.6 -28.5
59.66 0.3 -0.2 -1.0 -19.0 17.7 -30.2
59.759 0.8 -0.3 -0.7 -18.4 35.7 -35.2
59.858 0.4 -0.3 -0.9 -18.2 30.3 -31.0
60.058 0.5 -0.3 -0.7 -18.8 29.6 -28.1
60.157 0.9 -0.2 -0.8 -16.7 42.5 -35.9
60.258 0.7 -0.2 -0.7 -13.5 53.7 -40.0
60.359 1.2 -0.1 0.1 -9.0 80.9 -103.8
60.457 0.9 -0.2 0.3 -5.7 76.6 -126.4
60.558 1.0 0.0 0.1 -4.3 77.5 -124.6
60.657 1.1 -0.0 0.2 -2.9 80.0 -118.9
60.759 1.0 -0.1 0.1 -2.9 82.6 -112.2
60.856 1.0 -0.1 0.1 -3.0 84.4 -106.9
61.054 1.6 0.1 0.3 -7.6 79.7 -73.3
61.157 -0.5 -0.4 -0.2 -21.3 12.7 -18.9
61.259 -0.2 -0.4 -1.1 -19.8 -6.6 -25.4
61.357 0.1 -0.3 -1.0 -18.3 2.7 -25.5
61.458 -0.0 -0.3 -0.9 -18.9 5.4 -26.3
61.558 0.6 -0.3 -1.1 -18.7 20.9 -30.1
61.658 0.3 -0.3 -1.1 -18.8 20.0 -28.2
61.756 -0.0 -0.5 -0.5 -20.2 17.5 -25.0
61.857 0.5 -0.4 -0.7 -18.9 27.5 -28.1
62.056 0.9 -0.1 -0.1 -6.9 81.9 -85.0
62.156 1.0 -0.0 0.3 -1.7 75.4 -128.3
62.256 0.9 -0.0 0.3 -0.6 72.2 -133.1
62.357 0.9 -0.0 0.3 -0.2 71.2 -134.3
62.454 0.9 -0.0 0.3 0.6 70.8 -134.5
62.555 0.9 -0.0 0.2 0.9 71.5 -132.9
62.653 1.0 0.0 0.3 1.0 72.1 -132.1
62.753 1.0 0.0 0.3 1.1 71.9 -132.9
62.853 1.0 0.0 0.3 1.0 72.1 -132.7
63.054 1.1 0.0 0.2 0.7 74.0 -130.0
63.154 1.3 0.1 0.0 -2.0 83.8 -70.9
63.254 0.7 -0.0 -0.2 -13.1 30.5 -19.0
63.353 -0.2 -0.0 -1.4 -9.6 2.4 -24.3
63.454 1.5 -0.0 -1.0 -7.1 39.8 -28.0
63.553 -0.0 -0.4 -0.2 -11.2 24.8 -17.8
63.653 -0.2 -0.3 -0.5 -12.6 18.8 -18.6
63.754 1.1 0.1 -1.3 -12.7 27.8 -23.1
63.856 0.4 -0.3 -0.9 -14.1 21.4 -20.5
64.052 0.4 -0.3 -0.8 -15.5 21.2 -19.7
64.152 0.3 -0.3 -0.8 -15.7 21.3 -19.9
64.252 0.4 -0.3 -0.8 -14.6 27.5 -21.0
64.353 0.6 -0.2 -0.7 -12.4 39.2 -24.3
64.455 0.7 -0.2 -0.7 -12.0 42.7 -24.0
64.553 0.6 -0.2 -0.7 -12.4 39.2 -21.9
64.653 0.5 -0.2 -0.8 -12.3 36.8 -21.2
64.753 0.7 -0.2 -0.7 -11.1 44.5 -24.2
64.853 0.8 -0.2 -0.6 -10.1 49.3 -26.2
65.051 0.8 -0.2 -0.6 -9.3 50.7 -26.5
65.153 0.8 -0.2 -0.6 -9.1 51.6 -26.9
65.253 0.8 -0.2 -0.6 -8.9 53.4 -27.9
65.35 0.8 -0.1 -0.6 -8.7 54.9 -28.8
65.452 0.8 -0.2 -0.5 -9.1 57.6 -30.8
65.553 0.9 -0.2 -0.5 -9.3 59.3 -31.9
65.65 0.9 -0.2 -0.4 -9.1 61.8 -33.7
65.751 0.9 -0.2 -0.4 -8.7 64.6 -36.3
65.85 0.9 -0.1 -0.4 -8.0 68.0 -40.5
66.051 1.0 -0.1 -0.2 -6.8 76.2 -57.0
66.152 1.0 -0.1 -0.1 -6.0 80.4 -69.7
66.25 1.0 -0.1 -0.1 -4.6 84.8 -85.7
66.35 1.0 -0.1 -0.0 -3.5 86.2 -88.1
66.45 1.0 -0.1 -0.0 -2.9 86.9 -88.9
66.551 1.0 -0.1 0.0 -2.5 87.5 -90.8
66.648 1.0 -0.0 0.0 -2.0 87.7 -88.5
66.751 1.0 -0.0 -0.1 -1.6 87.5 -85.3
66.848 1.0 -0.0 0.0 -1.4 88.0 -86.8
67.05 1.0 -0.0 -0.1 -0.9 87.4 -83.4
67.15 1.0 -0.0 -0.1 -0.7 87.6 -83.6
67.248 1.0 -0.0 -0.0 -1.1 87.9 -85.6
67.348 1.0 -0.0 -0.1 -1.1 87.2 -82.9
67.449 1.0 -0.0 -0.0 -1.2 87.4 -84.1
67.547 1.0 -0.1 0.0 -1.8 86.4 -82.9
67.649 1.0 -0.0 -0.2 -1.8 83.1 -74.4
67.749 1.0 -0.0 -0.2 -1.6 82.7 -73.2
67.85 1.0 -0.1 -0.0 -2.1 84.0 -77.4
68.048 1.0 0.0 -0.2 -1.0 82.3 -72.2
68.147 1.0 0.0 -0.1 -0.9 82.9 -73.3
68.248 1.1 0.0 -0.1 -0.5 84.2 -75.8
68.35 1.0 0.0 -0.1 -0.1 83.9 -74.5
68.447 1.0 -0.0 -0.1 0.3 84.6 -76.0
68.547 1.0 0.0 0.0 0.6 84.2 -75.6
68.646 1.0 -0.1 0.2 3.5 86.2 -82.7
68.748 1.0 0.0 -0.1 1.9 85.9 -79.4
68.845 1.1 0.0 -0.1 2.1 86.4 -80.9
69.046 1.1 -0.0 -0.1 1.2 86.2 -80.7
69.146 1.0 0.0 -0.1 1.6 84.8 -77.7
69.245 1.0 0.1 0.0 3.3 85.3 -79.3
69.346 1.1 -0.1 -0.2 0.7 84.4 -76.5
69.445 1.0 0.1 0.0 2.4 86.8 -82.6
69.546 1.0 0.1 -0.0 3.9 85.8 -82.6
69.646 1.0 0.1 -0.0 4.8 85.1 -82.3
69.745 1.0 0.1 -0.0 5.5 84.4 -81.9
69.846 1.0 0.0 -0.1 5.3 84.6 -81.5
70.045 1.0 0.1 -0.0 5.4 84.3 -80.3
70.145 1.0 0.1 -0.1 5.6 84.1 -79.8
70.244 1.0 0.1 -0.0 6.1 83.8 -80.4
70.345 1.0 0.1 -0.0 6.0 83.8 -80.0
70.443 1.0 0.1 0.0 6.0 83.8 -80.5
70.544 1.0 0.1 -0.0 6.0 83.9 -80.3
70.644 1.0 0.1 -0.1 6.2 83.6 -79.8
70.742 1.0 0.1 -0.0 6.1 83.7 -80.1
70.844 1.0 0.1 -0.1 5.2 84.4 -79.5
71.042 1.0 0.1 -0.1 5.5 84.1 -79.4
71.144 1.0 0.1 -0.0 5.1 84.5 -79.9
71.243 1.0 0.1 -0.1 5.2 84.5 -79.8
71.341 1.0 0.1 0.0 5.9 83.9 -80.2
71.443 1.0 0.1 -0.0 5.9 83.9 -79.8
71.543 1.0 0.1 -0.1 5.5 84.1 -79.5
71.643 1.0 0.1 -0.0 6.3 83.6 -80.3
71.741 1.0 0.1 -0.0 7.1 82.8 -80.3
71.842 1.0 0.1 -0.0 7.1 82.9 -80.7
72.042 1.0 0.1 -0.0 7.2 82.8 -80.3
72.143 1.0 0.1 -0.0 7.0 82.9 -79.9
72.243 1.0 0.1 -0.0 7.0 83.0 -79.8
72.341 1.0 0.1 0.0 7.1 82.8 -79.8
