MPU6050 - 04/14/2018 23:29:11
0.132 1.0 0.2 -0.1 6.9 82.0 -14.9
0.234 1.0 0.1 -0.1 5.2 83.5 -12.1
0.332 1.1 0.0 -0.1 4.7 84.9 -31.2
0.433 1.1 0.0 0.1 5.2 84.1 -135.3
0.53 1.0 0.1 0.1 6.2 80.5 -155.8
0.632 1.0 0.1 0.1 6.3 80.3 -152.2
0.733 1.1 0.1 0.1 7.7 80.4 -139.4
0.83 1.0 0.1 0.1 7.7 81.7 -119.9
0.929 1.0 0.1 0.1 7.9 81.7 -117.1
1.128 1.0 0.1 0.0 7.4 82.6 -97.9
1.231 1.0 0.1 0.0 6.8 83.3 -75.6
1.332 0.9 0.1 -0.1 5.8 79.6 -12.9
1.428 0.7 0.0 -0.5 0.7 57.7 -0.8
1.531 0.6 -0.0 -0.8 -0.1 45.7 1.8
1.636 0.6 -0.1 -0.9 -0.8 39.0 2.7
1.731 0.5 -0.1 -0.8 -3.4 32.1 0.8
1.831 0.5 -0.2 -0.9 -5.3 26.8 -1.5
1.935 0.4 -0.1 -0.9 -4.1 22.9 -2.0
2.139 0.2 -0.0 -0.9 -0.2 12.9 -3.1
2.228 0.2 -0.0 -1.0 -0.0 8.0 -3.3
2.33 0.1 0.0 -0.9 -0.2 4.4 -4.0
2.426 0.0 -0.0 -1.1 0.7 1.5 -4.1
2.529 -0.0 -0.0 -1.1 1.9 -0.2 -3.9
2.629 -0.0 0.1 -1.0 3.1 -1.6 -3.7
2.729 -0.0 0.1 -1.0 3.9 -2.4 -3.8
2.827 -0.0 0.1 -1.1 4.1 -3.0 -4.0
2.928 -0.1 0.0 -1.0 3.8 -3.5 -3.8
3.127 -0.1 0.0 -1.0 3.7 -3.8 -3.6
3.227 -0.1 0.1 -1.0 3.8 -3.9 -3.5
3.33 -0.1 0.1 -0.9 3.7 -4.1 -3.4
3.43 -0.1 0.0 -1.0 3.5 -4.4 -3.5
3.528 -0.1 0.1 -1.0 3.5 -4.5 -3.5
3.629 -0.1 0.1 -1.0 3.5 -4.5 -3.4
3.729 -0.1 0.1 -1.0 3.5 -4.5 -3.2
3.827 -0.1 0.1 -1.0 3.4 -4.7 -3.1
3.926 -0.1 0.1 -1.0 3.5 -4.7 -3.0
4.126 -0.1 0.0 -1.0 3.6 -5.0 -3.2
4.226 -0.1 0.1 -1.0 3.5 -5.2 -3.2
4.328 -0.1 0.0 -1.0 3.5 -5.4 -3.0
4.427 -0.1 0.1 -1.0 3.5 -5.5 -2.8
4.525 -0.1 0.1 -1.0 3.6 -5.5 -2.8
4.627 -0.1 0.1 -1.0 3.7 -6.2 -2.6
4.726 -0.1 0.1 -1.0 3.7 -6.4 -2.6
4.827 -0.1 0.1 -1.0 3.6 -6.2 -2.6
4.928 -0.1 0.1 -1.0 3.6 -6.2 -2.5
5.128 -0.1 0.1 -1.0 3.6 -6.6 -2.5
5.223 -0.1 0.1 -1.0 3.6 -6.6 -2.5
5.324 -0.1 0.1 -1.0 3.6 -6.7 -2.5
5.423 -0.1 0.0 -1.0 3.6 -6.8 -2.5
5.524 -0.1 0.0 -1.0 3.7 -7.0 -2.4
5.625 -0.1 0.1 -1.0 3.7 -6.9 -2.3
5.724 -0.1 0.1 -1.0 3.6 -6.9 -2.4
5.824 -0.1 0.1 -1.0 3.7 -7.0 -2.3
5.925 -0.1 0.1 -1.0 3.6 -7.1 -2.3
6.124 -0.1 0.1 -1.0 3.8 -6.7 -2.3
6.224 -0.1 0.1 -1.0 2.8 -6.3 -2.5
6.324 -0.1 0.0 -1.0 2.3 -5.8 -2.6
6.423 -0.1 0.0 -1.0 1.0 -4.6 -2.7
6.524 -0.0 0.0 -1.0 -1.0 -3.1 -3.0
6.626 -0.0 -0.0 -1.0 -2.2 -2.3 -3.1
6.725 -0.0 -0.0 -1.0 -2.8 -1.7 -3.0
6.824 -0.0 -0.0 -1.0 -3.1 -1.6 -3.1
6.925 -0.0 -0.0 -1.0 -3.3 -1.5 -3.1
7.122 -0.0 -0.0 -1.0 -3.3 -1.5 -3.1
7.224 -0.0 -0.1 -1.0 -3.3 -1.5 -3.0
7.323 -0.0 -0.0 -1.0 -3.3 -1.5 -3.0
7.425 -0.0 -0.1 -1.0 -3.2 -1.6 -3.0
7.523 -0.0 -0.1 -1.0 -3.1 -1.7 -2.9
7.625 -0.0 -0.0 -1.0 -3.0 -1.7 -2.9
7.723 -0.0 -0.0 -1.0 -3.0 -1.6 -2.8
7.824 -0.0 -0.1 -1.0 -3.0 -1.6 -2.8
7.924 -0.0 -0.0 -1.0 -2.9 -1.7 -2.8
8.122 -0.0 -0.1 -1.0 -2.8 -1.7 -2.8
8.225 -0.0 -0.0 -1.0 -2.8 -1.7 -2.7
8.323 -0.0 -0.0 -1.0 -2.8 -1.7 -2.7
8.424 -0.0 -0.0 -1.0 -2.8 -1.7 -2.7
8.522 -0.0 -0.1 -1.0 -2.8 -1.7 -2.7
8.623 -0.0 -0.0 -1.0 -2.7 -1.8 -2.7
8.724 -0.0 -0.0 -1.0 -2.8 -1.8 -2.7
8.822 -0.0 -0.0 -1.0 -2.8 -1.7 -2.7
8.923 -0.0 -0.0 -1.0 -2.8 -1.6 -2.5
9.124 -0.0 -0.0 -1.0 -2.8 -1.8 -2.6
9.225 -0.0 -0.0 -1.0 -2.8 -1.7 -2.5
9.322 -0.0 -0.0 -1.0 -2.8 -1.7 -2.5
9.421 -0.0 -0.0 -1.0 -2.8 -1.7 -2.4
9.522 -0.0 -0.0 -1.0 -2.8 -1.7 -2.4
9.723 -0.0 -0.1 -1.0 -2.8 -1.6 -2.4
9.825 -0.0 -0.1 -1.0 -2.7 -1.7 -2.3
9.925 -0.0 -0.0 -1.0 -2.8 -1.6 -2.2
10.023 -0.0 -0.1 -1.0 -2.8 -1.6 -2.2
10.223 -0.0 -0.0 -1.0 -2.8 -1.6 -2.2
10.322 -0.0 -0.0 -1.0 -2.7 -1.5 -2.1
10.422 -0.0 -0.0 -1.0 -2.6 -1.6 -2.1
10.52 -0.0 -0.0 -1.0 -2.7 -1.6 -2.1
10.619 -0.0 -0.1 -1.0 -2.7 -1.7 -2.1
10.822 -0.0 -0.0 -1.0 -2.7 -1.6 -2.0
10.923 -0.0 -0.0 -1.0 -2.7 -1.7 -1.9
11.017 -0.0 -0.0 -1.0 -2.7 -1.7 -1.9
11.12 -0.0 -0.0 -1.0 -2.7 -1.6 -1.9
11.223 -0.0 -0.1 -1.0 -2.7 -1.6 -1.8
11.322 -0.0 -0.0 -1.0 -2.7 -1.6 -1.8
11.421 -0.0 -0.0 -1.0 -2.7 -1.6 -1.8
11.522 -0.0 -0.0 -1.0 -2.6 -1.6 -1.8
11.617 -0.0 -0.0 -1.0 -2.6 -1.6 -1.8
11.82 -0.0 -0.0 -1.0 -2.6 -1.6 -1.7
11.923 -0.0 -0.0 -1.0 -2.6 -1.6 -1.7
12.018 -0.0 -0.0 -1.0 -2.6 -1.6 -1.6
12.122 -0.0 -0.0 -1.0 -2.6 -1.5 -1.6
12.217 -0.0 -0.0 -1.0 -2.6 -1.5 -1.5
12.316 -0.0 -0.0 -1.0 -2.6 -1.5 -1.5
12.415 -0.0 -0.0 -1.0 -2.6 -1.6 -1.6
12.517 -0.0 -0.0 -1.0 -2.7 -1.6 -1.5
12.618 -0.0 -0.0 -1.0 -2.7 -1.6 -1.5
12.816 -0.0 -0.0 -1.0 -2.7 -1.8 -1.4
12.915 -0.0 -0.0 -1.0 -2.7 -1.8 -1.4
13.016 -0.0 -0.0 -1.0 -2.6 -1.8 -1.3
13.116 -0.0 -0.0 -1.0 -2.6 -1.7 -1.4
13.216 -0.0 -0.0 -1.0 -2.6 -0.6 -1.4
13.315 0.1 -0.0 -1.0 -2.5 3.1 -0.7
13.415 0.1 -0.0 -0.9 -2.9 6.4 -0.6
13.514 0.1 -0.1 -0.9 -3.9 7.2 -0.7
13.614 0.1 -0.1 -1.1 -4.8 4.6 -1.1
13.814 0.1 -0.1 -1.0 -2.7 3.8 -6.9
13.912 0.1 -0.0 -1.0 -0.5 4.6 -6.4
14.014 0.0 -0.0 -1.0 0.0 3.3 -5.6
14.113 0.0 0.0 -1.0 0.9 2.2 -5.3
14.213 0.0 0.0 -1.0 2.1 1.6 -5.3
14.313 0.0 0.1 -1.0 2.1 1.5 -5.3
14.412 0.0 0.0 -1.0 1.7 1.7 -5.2
14.512 0.0 0.0 -0.9 1.8 1.7 -5.1
14.612 0.0 0.0 -1.0 1.9 1.6 -5.0
14.813 0.0 0.0 -1.0 2.1 1.6 -4.9
14.913 0.0 0.0 -1.0 2.1 1.6 -4.8
15.011 0.0 0.0 -1.0 2.0 1.5 -4.8
15.113 0.0 0.0 -1.0 1.9 1.6 -4.9
15.211 0.0 0.0 -1.0 1.9 1.6 -4.8
15.312 0.0 0.0 -1.0 2.0 1.6 -4.7
15.412 0.0 0.0 -1.0 2.0 1.6 -4.7
15.51 0.0 0.0 -1.0 1.9 1.6 -4.7
15.611 0.0 0.1 -1.0 2.5 1.5 -4.6
15.81 0.0 0.1 -1.0 5.2 0.6 -4.5
15.91 0.0 0.1 -1.0 5.2 0.5 -4.3
16.011 0.0 0.1 -1.0 5.1 0.5 -4.1
16.111 -0.0 0.1 -1.0 5.6 0.3 -4.1
16.21 0.0 0.1 -1.0 5.4 0.4 -4.1
16.31 0.0 0.1 -1.0 5.5 0.3 -4.0
16.41 0.0 0.1 -1.0 5.2 0.5 -3.9
16.509 0.0 0.1 -1.0 3.2 1.1 -4.3
16.611 0.0 0.0 -1.0 1.3 1.8 -4.6
16.81 0.0 -0.0 -1.0 0.8 2.3 -4.5
16.909 0.1 0.0 -1.0 0.9 2.3 -4.7
17.011 0.0 -0.0 -1.0 0.4 2.4 -4.7
17.109 0.1 0.0 -1.0 0.4 2.6 -4.9
17.208 0.0 0.0 -1.0 0.4 2.7 -4.9
17.31 0.1 -0.0 -1.0 -0.5 3.1 -5.2
17.409 0.1 -0.1 -1.0 -1.6 3.7 -5.5
17.509 0.0 -0.1 -1.0 -2.3 4.0 -5.5
17.609 0.1 -0.0 -1.0 -2.8 4.3 -5.9
17.811 0.1 -0.1 -1.0 -3.5 4.5 -5.9
17.911 0.1 -0.1 -1.0 -3.7 4.6 -5.8
18.009 0.1 -0.1 -1.0 -3.7 4.7 -6.0
18.109 0.1 -0.1 -1.0 -3.8 4.8 -6.0
18.21 0.1 -0.0 -1.0 -3.4 4.7 -5.9
18.309 0.1 -0.1 -1.0 -3.3 4.7 -5.9
18.408 0.1 -0.1 -1.0 -3.3 4.8 -5.9
18.508 0.1 -0.1 -1.0 -3.2 4.7 -5.8
18.607 0.1 -0.0 -1.0 -2.9 4.7 -5.6
18.808 0.1 -0.1 -1.0 -2.9 4.7 -5.7
18.906 0.1 -0.0 -1.0 -2.8 4.7 -5.6
19.008 0.1 -0.0 -1.0 -2.6 4.6 -5.4
19.107 0.1 -0.0 -1.0 -2.4 4.6 -5.6
19.206 0.1 -0.0 -1.0 -2.6 4.6 -5.4
19.31 0.1 -0.0 -1.0 -2.3 4.6 -5.4
19.406 0.1 -0.0 -1.0 -2.4 4.6 -5.3
19.505 0.1 -0.0 -1.0 -2.3 4.6 -5.4
19.606 0.1 -0.0 -1.0 -2.4 4.6 -5.3
19.806 0.1 -0.0 -1.0 -2.1 4.5 -5.1
19.907 0.1 -0.0 -1.0 -2.2 4.5 -5.0
20.006 0.1 -0.0 -1.0 -1.9 4.5 -5.0
20.108 0.1 -0.0 -1.0 -1.9 4.5 -4.9
20.205 0.1 -0.0 -1.0 -1.7 4.5 -4.9
20.304 0.1 -0.0 -1.0 -1.6 4.4 -4.9
20.404 0.1 -0.0 -1.0 -1.4 4.4 -4.7
20.504 0.1 -0.0 -1.0 -1.3 4.3 -4.8
20.605 0.1 -0.0 -1.0 -1.6 4.3 -4.7
20.806 0.1 -0.0 -1.0 -1.2 4.3 -4.5
20.906 0.1 -0.0 -1.0 -1.2 4.3 -4.5
21.005 0.1 -0.0 -1.0 -1.2 4.2 -4.5
21.107 0.1 -0.0 -1.0 -1.2 4.2 -4.4
21.204 0.1 0.0 -1.0 -1.3 4.3 -4.5
21.304 0.1 -0.0 -1.0 -1.7 4.4 -4.5
21.404 0.1 -0.0 -1.0 -0.9 4.2 -4.4
21.506 0.1 0.0 -1.0 0.9 3.5 -4.2
21.604 0.0 -0.0 -1.0 2.1 3.2 -4.9
21.804 0.0 0.1 -1.0 -0.0 0.5 -5.7
21.905 0.0 -0.0 -1.0 -2.1 0.8 -6.1
22.004 0.0 -0.0 -1.0 -2.9 0.8 -6.6
22.106 0.0 -0.0 -1.0 -3.5 0.9 -7.2
22.204 0.0 -0.1 -1.0 -4.5 1.3 -8.3
22.303 0.0 -0.1 -1.0 -5.6 1.6 -8.6
22.403 0.0 -0.1 -0.9 -5.5 1.9 -8.6
22.504 0.0 -0.1 -1.0 -5.0 2.5 -8.6
22.603 0.1 -0.1 -1.0 -4.5 2.4 -8.6
22.805 0.1 -0.1 -1.0 -4.2 3.2 -8.3
22.902 0.1 -0.1 -1.0 -4.4 3.6 -8.4
23.001 0.1 -0.1 -1.0 -4.5 5.4 -8.2
23.104 0.1 -0.1 -1.0 -4.3 5.7 -8.3
23.202 0.1 -0.1 -1.0 -4.1 5.3 -8.2
23.302 0.1 -0.1 -1.0 -4.4 4.3 -8.1
23.403 0.0 -0.1 -1.0 -4.9 4.1 -8.0
23.511 0.1 -0.1 -1.0 -5.2 3.8 -8.0
23.602 0.1 -0.1 -0.9 -5.4 4.4 -7.8
23.801 0.1 -0.1 -1.0 -5.5 4.9 -7.7
23.901 0.1 -0.1 -1.0 -5.2 5.8 -7.5
24.002 0.1 -0.1 -1.0 -4.9 5.9 -7.5
24.102 0.1 -0.1 -0.9 -5.3 5.8 -7.5
24.201 0.1 -0.1 -0.9 -3.9 5.2 -7.3
24.299 0.1 -0.0 -1.0 -2.8 5.3 -7.3
24.398 0.1 -0.1 -1.0 -3.5 5.8 -7.3
24.502 0.1 -0.0 -1.0 -3.5 6.4 -7.2
24.599 0.1 -0.1 -1.0 -4.2 6.8 -7.4
24.8 0.0 -0.2 -1.0 -10.7 4.8 -5.3
24.903 0.1 -0.3 -1.0 -13.6 6.8 -3.3
25.001 0.2 -0.2 -1.0 -15.4 12.1 -0.4
25.101 0.2 -0.5 -0.8 -18.5 16.3 1.2
25.2 0.1 -0.3 -1.2 -21.2 5.7 4.7
25.301 0.3 -0.2 -0.9 -17.5 14.2 6.5
25.398 0.3 -0.3 -0.8 -17.2 17.0 7.9
25.501 0.3 -0.3 -0.8 -18.6 20.7 9.4
25.6 0.4 -0.2 -0.8 -16.5 24.8 11.1
25.806 0.9 -0.2 -0.5 -12.9 51.8 19.2
25.898 0.9 -0.2 -0.3 -11.1 63.1 24.3
25.999 0.9 -0.2 -0.3 -10.2 72.7 37.1
26.101 1.0 -0.2 -0.0 -8.8 80.5 61.0
26.199 1.0 -0.2 0.1 -6.6 82.7 106.6
26.3 1.1 -0.1 0.0 -3.6 85.9 109.7
26.398 1.0 -0.2 -0.1 -4.6 85.0 64.5
26.5 1.1 -0.0 -0.1 -2.2 86.6 52.2
26.601 1.0 -0.0 -0.1 -1.2 86.7 44.6
26.799 1.0 -0.0 0.0 -0.2 89.7 93.1
26.898 1.0 -0.0 0.0 -0.8 88.7 103.4
26.998 1.0 0.1 -0.1 -0.7 88.6 110.5
27.099 1.0 -0.0 0.1 -0.8 86.4 126.5
27.198 1.0 -0.0 0.1 0.1 86.2 131.3
27.3 1.0 -0.0 0.1 0.5 86.6 130.0
27.396 1.0 -0.0 0.1 0.9 87.5 121.6
27.497 1.0 0.1 -0.0 1.7 88.4 94.4
27.597 1.0 0.0 -0.0 1.5 88.4 80.5
27.794 1.0 0.0 0.2 2.4 81.7 161.0
27.897 1.0 0.1 0.0 4.2 82.8 158.7
27.995 1.0 0.1 0.1 4.6 83.0 156.0
28.095 1.0 0.1 0.1 4.4 84.0 155.6
28.196 1.0 0.0 0.1 3.8 83.8 161.3
28.294 1.0 0.0 0.1 3.8 83.2 163.4
28.396 1.0 0.1 0.1 4.5 83.5 160.7
28.496 1.0 0.1 0.1 5.2 84.1 152.5
28.595 1.0 0.1 -0.0 5.0 84.7 140.1
28.795 1.0 0.1 0.1 4.6 84.0 156.5
28.895 1.0 0.1 0.1 4.4 84.0 158.6
28.994 1.0 0.1 0.1 4.1 84.1 157.8
29.095 1.0 0.1 0.1 4.2 83.9 158.4
29.195 1.0 0.1 0.1 4.1 83.4 161.6
29.294 1.0 0.1 0.1 4.2 83.1 162.4
29.394 1.0 0.1 0.1 4.2 82.9 162.7
29.494 1.0 0.1 0.2 4.2 83.0 162.5
29.593 1.9 0.3 0.7 1.0 83.6 50.2
29.795 -0.2 -0.1 -1.2 -2.9 -2.0 -1.4
29.892 0.3 0.0 -0.9 -2.2 3.0 -1.1
29.995 0.1 0.0 -0.9 -1.0 6.9 -1.3
30.093 0.2 -0.0 -1.0 -0.7 9.9 -1.3
30.193 0.3 -0.0 -1.0 -0.4 14.6 -1.1
30.295 0.5 -0.0 -0.9 -1.6 26.2 0.3
30.394 0.7 -0.0 -0.7 -1.0 42.5 1.9
30.494 0.8 -0.1 -0.5 0.2 54.9 4.0
30.593 0.9 0.0 -0.4 1.2 67.2 1.8
30.795 1.1 0.0 -0.0 2.2 87.7 -122.3
30.892 1.0 0.0 0.2 2.9 84.2 178.2
30.991 1.0 0.1 0.2 3.2 82.2 170.3
31.093 1.0 0.0 0.2 2.7 80.8 166.0
31.191 1.0 0.1 0.1 2.8 81.8 164.5
31.292 1.0 0.0 0.1 3.0 82.7 163.4
31.392 1.0 0.1 0.1 3.3 82.1 165.3
31.491 1.0 0.0 0.2 3.4 81.1 166.4
31.591 1.0 0.1 0.2 3.7 81.0 167.3
31.792 1.0 0.0 0.1 3.4 81.2 167.4
31.891 1.0 0.1 0.1 3.6 80.6 167.3
31.99 1.0 0.0 0.2 3.4 80.6 167.5
32.091 1.0 0.1 0.1 3.5 81.2 167.2
32.191 1.2 0.3 1.3 -1.7 67.3 22.9
32.292 -0.2 0.1 -1.1 -6.5 16.0 -1.3
32.391 0.1 -0.1 -1.2 -2.9 5.5 -2.3
32.49 0.5 -0.1 -0.8 -4.4 16.1 -0.5
32.59 0.3 -0.1 -0.8 -3.5 21.6 1.0
32.791 0.4 -0.1 -0.9 -4.2 27.1 2.0
32.891 0.6 -0.1 -0.7 -4.7 35.4 3.4
32.989 0.8 -0.1 -0.6 -4.1 48.4 5.4
33.09 0.9 0.0 -0.6 -2.9 61.1 8.2
33.19 1.0 -0.0 -0.2 -1.4 75.3 13.1
33.29 1.0 -0.0 -0.0 -0.6 87.0 33.4
33.389 1.0 -0.0 0.0 0.2 85.9 169.6
33.489 1.0 -0.0 0.3 -0.2 80.7 177.7
33.59 1.0 -0.0 0.2 0.4 80.5 178.0
33.79 1.0 0.0 0.2 1.2 79.5 170.7
33.888 1.0 0.0 0.2 1.4 78.8 168.8
33.988 1.0 0.0 0.2 1.2 77.6 169.1
34.089 1.0 -0.0 0.3 0.2 76.0 167.6
34.189 1.0 0.0 0.2 0.2 76.0 168.7
34.287 1.5 0.2 0.7 -1.5 72.5 29.2
34.39 -0.5 -0.3 -0.4 -11.4 16.6 -0.7
34.488 -0.2 0.1 -1.6 -2.1 -1.2 -5.6
34.589 0.4 -0.0 -1.1 -3.7 7.3 -4.6
34.789 0.2 -0.1 -0.9 -5.3 14.4 -3.4
34.888 0.2 -0.1 -0.9 -5.5 17.8 -3.6
34.989 0.4 -0.1 -1.0 -5.3 26.6 -2.8
35.087 0.7 -0.1 -0.7 -5.1 45.8 2.6
35.19 0.9 -0.1 -0.3 -3.4 66.6 14.1
35.288 1.0 -0.1 0.1 -1.9 86.7 69.4
35.387 1.0 0.0 0.2 0.2 77.0 150.1
35.484 1.0 0.0 0.4 1.5 69.8 160.8
35.585 1.0 0.0 0.4 2.5 71.2 159.1
35.786 1.0 0.0 0.2 2.1 77.7 148.2
35.885 1.0 0.0 0.2 2.0 77.2 148.5
35.984 1.5 0.3 0.2 2.4 71.8 153.3
36.087 0.1 -0.2 1.4 -9.7 45.7 14.1
36.185 -0.2 -0.0 -1.3 -6.6 7.4 -8.6
36.287 0.2 -0.2 -1.1 -6.7 9.5 -7.7
36.385 0.3 -0.1 -1.0 -8.6 14.0 -6.2
36.486 0.3 -0.1 -0.9 -9.8 24.1 -4.8
36.587 0.9 -0.1 -0.5 -8.6 51.0 0.1
36.785 1.1 -0.1 -0.3 -5.3 73.5 8.0
36.886 0.8 -0.1 -0.3 -4.4 75.4 12.0
36.985 1.1 -0.0 -0.1 -2.3 87.7 80.5
37.085 1.1 -0.0 0.2 -1.0 78.7 162.3
37.186 1.0 0.0 0.3 -0.0 73.2 165.5
37.284 1.0 0.0 0.5 0.4 68.9 163.7
37.387 1.0 -0.0 0.4 0.4 68.8 161.7
37.485 1.0 0.0 0.3 0.1 72.0 159.2
37.584 1.0 -0.0 0.3 -0.8 71.5 158.0
37.786 1.0 -0.0 0.3 -0.8 70.9 157.7
37.885 1.0 -0.0 0.3 -0.9 70.9 156.4
37.984 1.0 -0.0 0.4 -0.8 70.0 156.2
38.085 1.0 -0.0 0.4 -0.4 69.6 156.7
38.185 1.0 -0.0 0.4 -0.3 69.7 156.9
38.283 1.0 -0.0 0.3 -0.2 70.6 156.5
38.382 1.1 0.1 0.3 0.2 71.5 155.1
38.482 0.9 0.2 1.3 -8.4 63.3 29.8
38.582 -0.0 0.3 -1.8 -7.2 20.7 1.9
38.782 0.3 -0.1 -1.0 -8.5 21.0 2.9
38.882 0.4 -0.2 -0.9 -9.0 21.6 3.7
38.983 0.3 -0.2 -0.9 -9.1 21.2 3.7
39.082 0.4 -0.2 -0.9 -9.2 21.2 4.0
39.184 0.3 -0.1 -0.9 -8.5 21.3 3.9
39.282 0.4 -0.1 -0.9 -8.5 22.0 4.1
39.382 0.4 -0.2 -1.0 -8.8 24.5 5.4
39.481 0.7 -0.2 -0.6 -7.4 48.7 8.3
39.582 1.0 -0.2 0.4 -5.2 82.6 49.3
39.781 1.0 -0.0 0.4 -1.4 70.0 169.6
39.883 1.0 -0.0 0.3 -1.1 70.4 167.8
39.983 1.0 -0.0 0.3 -1.3 69.8 164.6
40.081 1.0 -0.0 0.3 -1.4 70.0 162.3
40.182 1.0 -0.0 0.3 -0.8 71.3 161.8
40.283 1.0 -0.0 0.3 -0.7 71.5 161.5
40.382 1.0 -0.0 0.3 -0.8 71.7 161.0
40.481 1.1 0.1 0.3 -0.6 70.7 160.6
40.58 0.8 0.0 1.5 -9.6 55.9 20.1
40.783 0.4 -0.3 -1.0 -10.5 23.3 1.6
40.88 0.4 -0.2 -0.9 -11.2 24.2 1.2
40.983 0.4 -0.2 -0.8 -12.2 25.4 1.9
41.081 0.4 -0.2 -0.9 -12.0 26.2 2.1
41.181 0.4 -0.2 -0.9 -11.6 27.0 2.4
41.28 0.5 -0.2 -0.8 -10.6 33.6 3.6
41.378 0.8 -0.1 -0.6 -7.9 49.8 8.3
41.479 1.0 -0.1 -0.5 -6.7 60.5 13.4
41.578 1.0 -0.1 -0.3 -5.8 69.2 17.8
41.779 1.0 -0.0 0.0 -0.6 87.4 111.9
41.877 1.0 0.0 0.1 1.2 82.3 140.0
41.977 1.0 0.0 0.3 1.4 78.2 146.0
42.079 1.0 0.0 0.2 1.6 77.6 147.1
42.178 1.0 0.0 0.2 1.8 78.8 145.6
42.278 1.0 0.0 0.2 1.9 78.8 145.9
42.377 1.0 0.0 0.2 1.6 78.5 146.6
42.478 1.0 0.0 0.2 1.6 79.0 145.5
42.576 1.0 0.0 0.2 1.6 79.2 145.1
42.775 1.2 0.3 0.2 1.3 80.0 140.1
42.878 -0.3 -0.1 1.0 -10.2 45.6 19.8
42.98 1.7 -0.1 -1.1 -11.7 34.4 10.6
43.077 0.1 -0.6 -0.2 -18.6 25.8 9.4
43.178 -0.2 -0.4 -0.7 -17.5 18.8 6.5
43.277 0.5 -0.2 -1.0 -16.4 20.9 6.2
43.38 0.3 -0.3 -0.9 -16.1 20.1 6.4
43.478 0.4 -0.2 -1.0 -14.5 22.9 6.3
43.577 0.5 -0.3 -0.9 -14.0 29.3 6.7
43.777 0.6 -0.3 -0.6 -14.7 46.5 13.1
43.877 1.0 -0.2 -0.4 -10.9 65.4 25.2
43.978 0.9 -0.1 -0.0 -6.8 82.1 64.2
44.076 1.0 -0.1 0.2 -3.5 78.2 138.3
44.177 0.9 -0.1 0.3 -2.1 73.4 150.3
44.276 1.0 0.1 0.6 -0.1 73.9 150.6
44.375 1.0 0.0 0.2 0.5 78.8 141.1
44.476 1.0 -0.0 0.0 0.2 82.7 129.4
44.576 1.0 0.0 0.2 0.5 81.6 131.1
44.775 1.0 -0.0 0.2 0.6 81.0 132.0
44.875 1.0 0.0 0.1 0.9 82.7 127.4
44.975 1.0 0.0 0.1 1.0 84.6 121.5
45.074 1.0 0.0 -0.0 1.0 87.6 105.8
45.175 1.0 0.0 0.0 1.0 87.3 107.1
45.275 1.0 -0.0 0.1 0.7 87.1 112.1
45.376 1.0 -0.0 0.0 1.0 88.6 100.3
45.473 1.0 0.0 -0.0 1.5 88.5 91.3
45.573 1.1 0.0 -0.0 1.1 88.8 89.3
45.773 1.1 0.1 0.0 -1.2 87.8 79.2
45.873 0.9 0.0 -0.0 0.9 89.0 94.1
45.973 1.0 0.1 0.2 1.0 86.2 111.1
46.073 1.1 0.1 0.1 1.5 86.5 109.3
46.172 1.0 0.1 0.1 1.6 86.4 110.3
46.271 0.9 0.0 0.1 1.1 87.5 104.7
46.374 1.0 -0.0 -0.1 -2.0 87.6 81.3
46.473 1.0 -0.0 -0.1 -0.7 88.9 84.8
46.572 1.4 0.0 0.1 -1.1 88.7 85.6
46.783 1.0 -0.1 -0.2 -2.1 84.2 64.8
46.872 1.0 0.1 -0.0 -2.5 82.4 59.4
46.973 1.0 -0.1 -0.2 -2.7 81.4 55.9
47.074 1.0 -0.1 -0.1 -2.6 81.5 56.3
47.172 1.0 -0.0 -0.1 -2.5 81.6 57.4
47.271 1.0 -0.0 -0.1 -2.5 82.2 59.0
47.371 1.0 -0.0 -0.1 -2.4 83.0 61.2
47.473 1.0 -0.1 -0.2 -2.4 83.1 61.6
47.572 1.0 -0.0 -0.1 -2.3 83.5 63.0
47.772 1.0 -0.0 -0.1 -2.3 83.5 63.2
47.872 1.0 -0.0 -0.1 -2.3 83.2 62.0
47.973 1.0 -0.1 -0.1 -2.4 83.4 63.4
48.073 1.0 -0.0 -0.1 -2.3 83.4 63.2
48.17 1.0 -0.0 -0.1 -2.3 83.4 63.2
48.271 1.0 -0.0 -0.1 -2.2 83.8 64.8
48.371 1.0 -0.0 -0.1 -2.2 83.7 64.6
48.47 1.0 -0.0 -0.1 -2.2 84.1 66.0
48.571 1.0 -0.0 -0.1 -2.1 84.2 66.6
48.769 1.0 -0.0 -0.1 -2.1 84.7 68.3
48.871 1.0 -0.0 -0.1 -2.1 84.7 68.5
48.971 1.0 -0.0 -0.1 -2.1 84.5 68.1
49.069 1.0 -0.0 -0.1 -2.1 84.7 69.0
49.17 1.0 -0.0 -0.1 -2.1 84.5 68.5
49.269 1.0 -0.0 -0.1 -2.1 84.3 67.9
49.369 1.0 -0.0 -0.1 -2.0 84.7 69.4
49.47 1.0 -0.0 -0.1 -2.0 84.5 68.7
49.568 1.0 -0.0 -0.1 -2.0 84.6 69.3
49.769 1.0 -0.0 -0.1 -2.0 84.8 70.2
49.869 1.0 -0.0 -0.1 -2.0 84.7 69.8
49.968 1.0 -0.0 -0.1 -2.0 84.6 69.9
50.069 1.0 -0.0 -0.1 -2.0 84.9 70.6
50.169 1.0 -0.0 -0.1 -2.0 84.9 70.8
50.267 1.0 -0.0 -0.0 -2.0 85.1 71.7
50.368 1.0 -0.0 -0.1 -2.0 84.9 71.0
50.468 1.0 -0.0 -0.1 -1.9 85.4 72.6
50.567 1.0 -0.0 -0.1 -1.9 85.3 72.5
50.767 1.0 -0.0 -0.1 -1.9 85.3 72.5
50.868 1.0 -0.0 -0.1 -1.9 85.4 73.0
50.968 1.0 -0.0 -0.1 -1.9 85.5 73.3
51.066 1.0 -0.1 -0.1 -1.9 85.3 72.8
51.168 1.0 -0.0 -0.1 -1.9 85.6 73.7
51.266 1.0 -0.0 -0.1 -1.9 85.5 73.5
51.365 1.0 -0.0 -0.1 -1.9 85.6 73.8
51.466 1.0 -0.0 -0.1 -1.9 85.5 73.7
51.566 1.0 -0.0 -0.1 -1.9 85.7 74.4
51.767 1.0 -0.0 -0.1 -1.9 85.7 74.5
51.866 1.0 -0.0 -0.1 -1.9 85.7 74.4
51.966 1.0 -0.0 -0.1 -1.9 85.6 74.1
52.066 1.0 -0.0 -0.1 -1.9 85.6 74.2
52.165 1.0 -0.0 -0.1 -1.9 85.4 73.6
52.266 1.0 -0.0 -0.1 -1.9 85.7 74.3
52.366 1.0 -0.0 -0.1 -1.9 85.7 74.4
52.465 1.0 -0.0 -0.1 -1.9 85.6 74.1
52.564 1.0 -0.0 -0.1 -1.9 85.5 73.9
52.765 1.0 -0.0 -0.1 -1.9 85.7 74.5
52.866 1.0 -0.1 -0.1 -1.9 85.5 74.1
52.965 1.0 -0.0 -0.1 -1.8 85.7 74.6
53.066 1.0 -0.0 -0.1 -1.9 85.6 74.3
53.165 1.0 -0.0 -0.1 -1.9 85.8 74.9
53.265 1.0 -0.0 -0.1 -1.9 85.6 74.4
53.364 1.0 -0.0 -0.1 -1.8 85.9 75.4
53.464 1.0 -0.0 -0.1 -1.9 85.8 75.2
53.564 1.0 -0.0 -0.1 -1.9 85.8 75.0
53.763 1.0 -0.1 -0.1 -1.9 85.8 75.3
53.865 1.0 -0.0 -0.1 -1.9 85.9 75.7
53.963 1.0 -0.1 -0.1 -1.9 85.8 75.1
54.063 1.0 -0.0 -0.1 -1.8 86.0 76.0
54.162 1.0 -0.0 -0.1 -1.9 85.8 75.4
54.266 1.0 -0.0 -0.1 -1.9 85.7 75.0
54.363 1.0 0.0 -0.1 -1.9 85.7 75.1
54.463 1.0 -0.0 -0.1 -2.0 85.7 75.1
54.566 1.0 -0.0 -0.1 -1.9 85.8 75.6
54.764 1.0 -0.0 -0.1 -1.9 85.8 75.6
54.862 1.0 -0.0 -0.1 -2.0 85.6 75.0
54.963 1.0 -0.0 -0.0 -2.0 85.8 75.6
55.062 1.0 -0.1 -0.1 -2.0 85.5 74.7
55.167 1.0 -0.0 -0.1 -2.0 85.7 75.3
55.262 1.0 -0.0 -0.1 -2.0 85.7 75.2
55.362 1.0 -0.0 -0.1 -2.0 85.4 74.2
55.464 1.0 -0.0 -0.1 -2.0 85.5 74.6
55.562 1.0 -0.0 -0.1 -2.0 85.4 74.2
55.761 1.0 -0.0 -0.1 -2.0 85.2 73.7
55.861 1.0 -0.0 -0.1 -2.0 85.5 74.8
55.963 1.0 -0.0 -0.1 -2.0 85.5 74.9
56.06 1.0 -0.0 -0.1 -2.0 85.5 74.7
56.16 1.0 -0.0 -0.1 -2.0 85.4 74.6
56.262 1.0 -0.0 -0.1 -2.0 85.4 74.5
56.361 1.0 -0.0 -0.1 -2.0 85.5 74.8
56.461 1.0 -0.0 -0.1 -2.0 85.2 74.0
56.562 1.0 -0.0 -0.0 -2.0 85.5 74.9
56.762 1.0 -0.1 -0.1 -2.0 85.4 74.7
56.861 1.0 -0.0 -0.1 -2.0 85.3 74.4
56.96 1.0 -0.0 -0.1 -2.0 85.6 75.3
57.06 1.0 -0.0 -0.1 -2.0 85.5 75.2
57.16 1.0 -0.0 -0.1 -2.0 85.3 74.4
57.26 1.0 -0.0 -0.1 -2.0 85.5 75.3
57.361 1.0 0.0 -0.1 -2.0 85.1 74.4
57.46 1.2 0.3 0.0 -0.8 76.6 54.0
57.561 -0.2 -0.4 -0.7 -7.3 35.5 20.8
57.76 -0.0 -0.1 -0.8 -15.5 -2.7 14.1
57.861 -0.2 -0.3 -0.9 -14.6 -3.2 14.7
57.961 -0.1 -0.3 -1.0 -11.4 -1.1 17.2
58.059 0.1 -0.1 -1.1 -8.8 1.8 19.1
58.158 0.1 -0.1 -1.0 -8.1 6.5 18.5
58.259 0.3 -0.1 -0.8 -3.6 26.9 17.0
58.359 0.7 -0.0 -0.7 -2.7 48.4 17.7
58.459 0.9 -0.0 -0.4 -2.9 65.9 25.6
58.558 1.0 0.1 -0.0 -2.6 82.6 55.0
58.759 1.1 -0.1 0.5 -4.9 73.8 145.5
58.861 1.1 -0.1 0.3 -2.8 75.3 142.0
58.958 1.0 -0.1 0.2 -1.6 78.3 133.7
59.057 1.0 -0.0 0.2 -1.4 79.2 131.7
59.157 1.0 -0.1 0.0 -1.7 83.0 119.2
59.26 1.0 0.1 0.2 -0.8 81.2 130.7
59.358 1.0 -0.0 0.2 -0.8 81.0 134.7
59.458 1.0 -0.0 0.1 -0.8 81.9 132.1
59.557 1.0 -0.0 0.1 -0.8 82.2 131.1
59.76 1.0 -0.0 0.1 -0.9 82.0 131.8
59.858 1.0 -0.0 0.1 -0.8 82.4 130.7
59.957 1.0 -0.0 0.1 -0.8 82.8 130.8
60.058 1.0 -0.0 0.1 -0.9 82.8 131.0
60.155 1.0 -0.0 0.2 -0.8 81.0 139.3
