MPU6050 - 04/14/2018 23:31:05
0.013 1.0 -0.0 0.0 -1.1 88.6 93.1
0.114 1.0 -0.0 0.0 -1.1 88.5 93.4
0.213 1.0 -0.0 0.0 -1.1 88.6 93.0
0.314 1.0 -0.0 0.0 -1.1 88.8 91.4
0.513 1.0 -0.0 0.0 -1.1 88.9 89.3
0.614 1.0 -0.0 0.0 -1.1 88.9 88.8
0.713 1.0 -0.0 -0.0 -1.1 88.9 87.6
0.813 1.0 -0.0 -0.0 -1.2 88.7 86.6
0.915 1.0 -0.0 -0.0 -1.4 88.2 84.3
1.014 1.0 -0.1 -0.1 -1.7 87.1 78.8
1.114 1.0 -0.0 -0.0 -2.2 86.6 78.1
1.212 1.0 0.0 -0.0 -2.0 87.2 80.5
1.316 1.1 -0.1 -0.1 -2.4 87.1 81.2
1.512 1.1 0.0 -0.0 -1.6 88.3 86.0
1.612 1.0 -0.0 -0.0 -2.0 87.9 85.4
1.713 1.0 -0.1 -0.0 -2.9 86.8 82.4
1.812 1.0 -0.0 -0.0 -3.0 86.9 84.0
1.912 1.0 -0.1 0.0 -2.3 87.7 85.6
2.013 1.0 -0.0 0.0 -2.4 87.7 87.7
2.71 1.0 -0.1 -0.0 -4.7 84.9 78.1
2.813 1.0 -0.1 -0.0 -4.3 85.5 80.3
2.911 1.0 -0.1 -0.0 -4.5 85.3 80.1
3.012 1.0 -0.1 -0.0 -5.5 84.5 81.3
3.11 1.0 -0.1 -0.0 -5.6 84.5 83.7
3.211 1.0 -0.0 -0.0 -5.9 84.1 87.2
3.309 1.0 -0.1 0.0 -5.4 84.5 90.1
3.511 1.2 0.2 -0.2 -9.2 80.7 87.4
3.611 -0.4 -0.6 0.5 -60.7 22.0 84.9
3.712 0.1 -1.1 0.2 -74.7 7.7 66.7
3.811 -0.0 -0.9 0.3 -75.4 9.2 60.7
3.91 0.2 -0.9 0.2 -73.0 13.4 64.8
4.009 0.2 -0.9 0.2 -70.9 16.2 63.9
4.11 0.2 -1.0 0.2 -71.5 15.3 62.6
4.209 0.2 -1.0 0.2 -71.7 15.0 62.8
4.308 0.3 -1.0 0.2 -71.4 15.5 62.9
4.51 0.3 -0.9 0.1 -67.4 21.3 59.1
4.609 0.6 -0.7 0.1 -40.7 49.2 66.7
4.708 1.0 -0.2 -0.1 -12.5 77.1 62.4
4.81 1.0 -0.1 -0.2 -0.6 82.9 55.5
4.908 1.0 -0.1 -0.1 1.0 82.7 58.4
5.009 1.0 -0.0 -0.1 1.0 82.8 58.5
5.107 1.0 -0.0 -0.1 0.8 82.8 58.3
5.208 1.0 -0.0 -0.1 0.9 82.3 55.7
5.307 1.0 -0.0 -0.1 0.9 81.8 53.4
5.506 1.0 0.0 -0.2 0.6 81.5 51.7
5.606 1.0 0.0 -0.2 0.7 81.6 52.1
5.707 1.0 0.0 -0.2 0.8 81.6 53.1
5.808 1.0 -0.0 -0.1 1.3 81.8 55.2
5.906 1.0 0.0 -0.1 1.5 81.8 55.8
6.007 1.0 0.0 -0.2 1.7 81.7 55.4
6.106 1.1 0.2 -0.4 0.9 82.3 56.7
6.208 0.7 -0.6 0.2 -33.9 56.1 56.7
6.308 0.1 -0.5 -0.1 -72.0 17.8 37.1
6.507 0.2 -1.0 0.0 -77.4 12.4 31.5
6.606 0.3 -1.0 0.0 -76.7 13.0 33.6
6.708 0.2 -1.0 0.0 -76.2 13.5 35.0
6.808 0.3 -1.0 0.1 -76.0 13.5 37.3
6.905 0.3 -1.0 0.1 -75.6 13.8 38.3
7.007 0.3 -1.0 0.1 -74.9 14.6 38.3
7.107 0.4 -1.0 0.1 -68.3 21.4 43.0
7.205 0.5 -0.8 -0.0 -52.9 37.1 31.1
7.306 0.8 -0.4 -0.1 -33.6 56.1 29.8
7.506 1.1 0.0 -0.2 -4.8 81.5 54.8
7.604 1.1 -0.0 -0.1 -1.5 82.1 56.2
7.705 1.0 -0.0 -0.1 -0.9 81.6 54.9
7.804 1.0 -0.1 -0.2 -0.7 81.2 53.7
7.904 1.0 -0.0 -0.2 -0.6 81.2 54.1
8.004 1.0 -0.0 -0.2 -0.6 81.1 53.8
8.103 1.0 0.0 -0.2 -1.1 81.3 54.4
8.205 1.1 -0.1 -0.2 -10.8 77.9 58.5
8.303 -0.0 -0.8 0.2 -67.0 21.4 71.8
8.502 0.2 -0.9 0.1 -78.1 9.8 56.2
8.605 0.2 -1.0 0.1 -78.8 9.4 50.9
8.703 0.1 -1.0 0.1 -78.7 9.7 47.5
8.804 0.2 -1.0 0.1 -78.2 10.4 47.6
8.906 0.1 -0.9 0.1 -77.9 10.7 46.3
9.002 0.2 -1.0 0.1 -77.3 11.7 44.4
9.103 0.2 -1.0 0.1 -73.4 16.1 46.9
9.202 0.5 -1.0 0.1 -58.5 31.5 45.4
9.303 0.5 -0.5 0.1 -30.5 59.5 56.4
9.501 1.0 0.1 -0.3 4.5 76.5 36.4
9.601 0.9 0.1 -0.3 6.8 74.9 39.6
9.703 0.9 0.1 -0.2 7.2 75.0 41.9
9.801 1.0 0.1 -0.2 7.0 75.7 44.8
9.902 1.0 0.1 -0.2 6.9 76.0 46.6
10.001 1.0 0.2 -0.3 6.5 76.5 47.9
10.102 0.9 -0.3 -0.0 -10.9 77.7 50.2
10.2 0.4 -0.9 0.1 -57.9 32.1 56.1
10.303 0.2 -0.9 0.1 -70.5 19.2 46.2
10.501 0.3 -0.9 0.1 -73.4 16.2 41.6
10.603 0.2 -0.9 0.1 -73.7 15.8 39.5
10.7 0.2 -0.9 0.1 -73.1 16.8 30.7
10.801 0.3 -0.9 0.0 -71.2 18.8 24.8
10.901 0.3 -0.9 0.0 -70.5 19.5 24.0
11 0.3 -1.0 0.0 -70.2 19.9 22.7
11.102 0.3 -0.9 0.0 -69.9 20.1 22.7
11.202 0.3 -0.9 -0.0 -66.2 23.8 19.2
11.299 0.7 -1.0 -0.0 -46.6 42.6 12.8
11.499 1.2 0.1 -0.5 -5.5 73.4 48.3
11.6 1.1 0.1 -0.4 2.1 72.3 51.4
11.7 1.1 0.1 -0.4 3.3 72.6 51.7
11.799 1.0 0.0 -0.3 1.8 73.9 52.1
11.897 1.1 0.0 -0.3 1.3 74.4 52.1
12 1.0 -0.0 -0.3 0.2 74.9 52.4
12.101 0.9 -0.2 -0.2 -8.0 75.3 46.0
12.2 0.6 -1.0 -0.1 -55.8 33.9 -3.6
12.299 0.1 -0.9 -0.0 -76.4 13.7 23.4
12.499 0.2 -1.0 0.0 -76.9 13.1 26.0
12.601 0.2 -1.0 -0.0 -76.5 13.6 21.2
12.7 0.2 -1.0 0.0 -76.3 13.8 18.2
12.8 0.2 -1.0 0.0 -76.1 13.9 17.1
12.899 0.2 -1.0 0.0 -75.5 14.5 15.4
12.997 0.5 -1.0 -0.0 -67.8 22.1 5.8
13.099 0.5 -0.5 -0.2 -38.4 50.2 25.0
13.199 0.9 -0.3 -0.1 -13.3 70.1 45.2
13.3 1.0 -0.1 -0.2 -2.1 71.7 48.3
13.498 1.0 0.0 -0.3 -0.3 72.5 46.4
13.601 1.0 -0.0 -0.3 -1.0 74.2 49.1
13.7 1.3 -0.2 -0.2 -14.6 73.7 52.2
13.8 -0.4 -0.6 -0.1 -64.3 25.7 26.3
13.901 -0.9 -0.1 -0.1 -64.4 25.7 24.2
13.998 -0.0 -1.0 0.0 -64.6 25.3 42.1
14.098 0.9 -1.0 -0.1 -62.9 27.0 43.2
14.197 0.5 -0.8 -0.0 -57.5 32.5 27.0
14.299 0.8 -0.5 -0.2 -37.6 52.3 38.2
14.496 1.1 -0.1 -0.3 -9.1 75.9 53.6
14.597 1.0 -0.1 -0.3 -6.4 76.3 53.8
14.697 1.0 0.0 -0.3 -4.5 76.0 53.7
14.799 1.0 -0.0 -0.2 -4.5 76.8 54.9
14.897 1.0 -0.0 -0.3 -4.1 77.2 55.3
14.996 1.0 -0.1 -0.2 -4.0 77.0 53.7
15.096 1.0 0.0 -0.4 -4.2 77.1 53.0
15.194 0.8 -0.8 0.1 -37.7 52.2 36.1
15.299 -0.1 -0.8 0.1 -72.6 17.4 11.1
15.497 0.2 -0.9 0.0 -76.3 13.8 16.8
15.594 0.2 -0.9 0.0 -76.1 13.9 18.8
15.697 0.2 -0.9 0.0 -75.6 14.4 19.2
15.796 0.3 -1.0 -0.0 -74.3 15.7 18.9
15.897 0.3 -1.0 -0.0 -70.7 19.3 18.5
15.996 0.5 -0.8 -0.1 -55.6 34.2 19.0
16.094 0.8 -0.7 -0.0 -34.1 55.0 30.2
16.196 0.8 -0.3 -0.2 -18.5 68.5 39.1
16.295 0.9 -0.1 -0.2 -7.1 77.7 52.4
16.493 1.0 0.0 -0.2 -0.9 81.4 59.1
16.593 1.0 -0.0 -0.1 0.2 81.8 58.7
16.694 1.1 -0.2 -0.1 -3.6 82.7 61.1
16.795 0.6 -0.2 0.0 -44.5 45.4 24.0
16.894 0.2 -1.4 0.1 -74.3 15.6 37.6
16.992 0.2 -0.9 0.1 -71.6 18.4 30.5
17.094 0.3 -0.9 0.1 -70.2 19.7 39.7
17.194 0.3 -1.0 0.1 -70.5 19.0 51.2
17.295 0.3 -0.9 0.0 -70.5 19.3 45.0
17.493 0.5 -1.0 0.0 -61.7 28.3 38.9
17.592 0.7 -0.6 -0.1 -43.2 46.7 35.6
17.696 1.0 -0.1 -0.3 -17.9 70.3 37.3
17.792 1.0 -0.1 -0.2 -2.5 79.5 48.5
17.892 1.2 0.1 -0.2 3.0 78.1 48.0
17.991 1.0 0.1 -0.3 4.6 76.7 43.3
18.092 1.0 0.0 -0.2 3.6 78.0 43.5
18.195 1.3 -0.0 -0.3 -0.4 79.9 42.4
18.292 0.9 -0.2 -0.0 -30.2 59.9 57.4
18.493 0.4 -1.3 0.4 -71.4 14.0 79.7
18.592 0.3 -0.9 0.1 -71.3 16.7 70.0
18.694 0.3 -1.0 0.2 -71.2 17.2 65.4
18.791 0.3 -1.0 0.1 -71.2 17.4 63.4
18.891 0.3 -1.0 0.2 -70.8 17.9 63.3
18.99 0.3 -0.9 0.1 -68.4 20.9 57.5
19.091 0.5 -1.0 0.1 -63.2 26.4 58.0
19.192 0.5 -0.9 0.1 -54.6 35.3 48.5
19.29 0.8 -0.6 -0.0 -38.4 51.7 42.9
19.49 0.8 -0.1 -0.1 -0.5 77.5 37.8
19.595 0.9 0.1 -0.3 4.3 75.7 37.0
19.69 0.9 0.1 -0.3 4.4 76.7 36.7
19.791 1.0 0.0 -0.1 -0.1 80.7 38.2
19.89 1.0 -0.1 -0.1 -2.4 81.6 41.5
19.989 1.1 -0.1 -0.2 -3.5 81.0 39.6
20.092 0.8 -0.3 0.1 -28.8 61.2 60.6
20.191 0.4 -1.3 0.4 -68.6 19.0 72.6
20.29 0.2 -0.9 0.2 -71.4 16.2 65.7
20.493 0.3 -1.0 0.2 -70.7 17.2 62.0
20.59 0.3 -1.0 0.2 -70.0 18.3 59.5
20.691 0.3 -0.9 0.2 -63.2 26.3 53.6
20.791 0.7 -0.7 0.0 -44.6 45.4 44.2
20.889 0.8 -0.3 -0.1 -22.5 66.3 37.1
20.989 1.1 -0.1 -0.2 -7.4 77.5 43.2
21.093 0.9 0.0 -0.2 -0.2 77.7 49.1
21.188 1.0 0.1 -0.3 3.4 76.9 50.3
21.287 1.0 -0.0 -0.2 -2.0 80.5 48.2
21.49 0.1 -0.7 0.2 -64.3 24.1 63.7
21.591 0.3 -1.2 0.2 -72.9 14.7 49.1
21.688 0.2 -1.0 0.1 -73.6 14.7 44.6
21.788 0.2 -0.9 0.1 -73.0 15.6 41.6
21.888 0.3 -0.9 0.1 -72.6 16.0 41.2
21.987 0.3 -1.0 0.2 -71.5 17.0 42.8
22.09 0.2 -0.9 0.2 -69.2 19.9 42.4
22.189 0.4 -0.9 -0.0 -67.5 22.1 40.5
22.287 0.3 -1.0 0.1 -64.8 25.0 39.4
22.487 1.0 -0.3 -0.1 -22.7 67.4 65.4
22.588 1.1 -0.2 -0.1 -9.3 80.7 76.7
22.688 1.1 -0.1 -0.1 -3.7 85.6 75.7
22.788 1.1 -0.1 -0.1 -0.8 86.2 73.3
22.887 1.1 -0.1 -0.1 -1.6 86.0 71.7
22.985 0.8 -0.4 0.1 -19.4 70.6 65.0
23.086 0.7 -0.8 0.1 -52.9 36.7 65.6
23.188 0.2 -0.8 0.0 -65.9 24.2 21.2
23.288 0.2 -0.9 0.0 -67.9 22.0 16.7
23.488 0.4 -0.9 -0.0 -67.9 22.1 18.4
23.587 0.4 -1.0 -0.0 -67.8 22.2 19.3
23.691 0.4 -1.0 -0.0 -67.3 22.8 20.4
23.787 0.5 -0.9 -0.0 -59.9 30.0 23.2
23.884 0.6 -0.6 -0.2 -44.9 44.8 30.2
23.988 0.9 -0.5 -0.1 -33.9 56.1 50.2
24.085 1.2 -0.3 -0.1 -19.5 70.4 63.8
24.19 1.1 -0.1 -0.2 -11.0 79.0 75.2
24.284 1.1 0.0 -0.2 -8.6 81.4 78.8
24.485 0.9 -0.2 0.0 -7.3 82.3 91.1
24.586 1.0 -0.1 0.1 -5.5 84.3 90.2
24.686 1.0 -0.1 -0.0 -3.6 86.4 90.2
24.786 1.0 -0.1 -0.0 -1.8 87.7 94.8
24.882 1.0 0.0 0.1 -0.0 87.1 104.8
24.983 1.0 0.1 0.1 0.3 86.9 107.4
25.084 1.0 -0.2 -0.1 -3.6 86.5 85.3
25.183 1.0 -0.1 -0.0 -3.9 86.1 85.3
25.285 1.0 -0.1 -0.0 -3.3 86.7 83.8
25.489 1.0 -0.1 -0.0 -3.6 86.4 82.8
25.585 1.0 -0.1 -0.0 -3.3 86.7 83.4
25.686 1.0 -0.1 -0.1 -3.3 86.7 82.1
25.784 1.0 -0.1 -0.0 -3.2 86.8 84.4
25.881 1.0 -0.0 -0.0 -3.2 86.8 83.1
25.983 1.0 -0.1 -0.1 -3.2 86.8 82.1
26.085 1.0 -0.1 0.0 -3.2 86.8 85.8
