MPU6050 - 04/14/2018 23:24:26
0.032 1.0 -0.0 0.0 -1.5 88.5 90.4
0.131 1.0 -0.0 0.0 -1.5 88.5 90.3
0.231 1.0 -0.0 0.0 -1.5 88.5 90.5
0.33 1.0 -0.0 0.0 -1.5 88.5 90.5
0.431 1.0 -0.0 0.0 -1.5 88.5 90.3
0.63 1.0 -0.0 0.0 -1.5 88.5 90.2
0.732 1.0 -0.0 0.0 -1.5 88.5 90.1
0.832 1.0 -0.0 0.0 -1.5 88.5 89.8
0.93 1.0 -0.0 0.0 -1.5 88.5 89.7
1.031 1.0 -0.0 0.0 -1.5 88.5 89.7
1.131 1.0 -0.0 0.0 -1.5 88.5 89.5
1.23 1.0 -0.0 0.0 -1.5 88.5 89.6
1.331 1.0 -0.0 0.0 -1.5 88.5 89.4
1.43 1.0 -0.0 0.0 -1.5 88.5 89.3
1.631 1.0 -0.0 0.0 -1.5 88.5 89.4
1.73 1.0 -0.0 0.0 -1.5 88.5 89.4
1.829 1.0 -0.0 0.0 -1.5 88.6 89.3
1.929 1.0 -0.0 0.0 -1.5 88.5 89.3
2.029 1.0 -0.0 0.0 -1.5 88.5 89.3
2.129 1.0 -0.0 0.0 -1.5 88.5 89.3
2.228 1.0 -0.0 0.0 -1.5 88.6 89.3
2.329 1.0 -0.0 0.0 -1.5 88.6 89.4
2.429 1.0 -0.0 0.0 -1.5 88.5 89.5
2.628 1.0 -0.0 0.0 -1.5 88.5 89.6
2.729 1.0 -0.0 0.0 -1.5 88.5 89.7
2.829 1.0 -0.0 0.0 -1.5 88.5 89.6
2.927 1.0 -0.0 0.0 -1.5 88.5 89.6
3.028 1.0 -0.0 0.0 -1.5 88.5 89.6
3.127 1.0 -0.0 0.0 -1.5 88.5 89.5
3.228 1.0 -0.0 0.0 -1.5 88.5 89.4
3.328 1.0 -0.0 0.0 -1.5 88.6 89.4
3.428 1.0 -0.0 0.0 -1.5 88.5 89.4
3.626 1.0 -0.0 0.0 -1.5 88.5 89.4
3.727 1.0 -0.0 0.0 -1.5 88.5 89.4
3.827 1.0 -0.0 0.0 -1.5 88.5 89.3
3.926 1.0 -0.0 0.0 -1.5 88.5 89.4
4.027 1.0 -0.0 0.0 -1.5 88.5 89.4
4.126 1.0 -0.0 0.0 -1.5 88.5 89.3
4.226 1.0 -0.0 0.0 -1.5 88.5 89.4
4.324 1.0 -0.0 0.0 -1.5 88.5 89.5
4.425 1.0 -0.0 0.0 -1.5 88.5 89.4
4.626 1.0 -0.0 0.0 -1.5 88.5 89.4
4.725 1.0 -0.0 0.0 -1.5 88.5 89.3
4.825 1.0 -0.0 0.0 -1.5 88.5 89.3
4.923 1.0 -0.0 0.0 -1.5 88.5 89.4
5.025 1.0 -0.0 -0.0 -1.5 88.5 89.4
5.123 1.0 -0.0 0.0 -1.5 88.5 89.4
5.224 1.0 -0.0 0.0 -1.5 88.5 89.5
5.323 1.0 -0.0 0.0 -1.5 88.5 89.5
5.424 1.0 -0.0 0.0 -1.5 88.5 89.5
5.626 1.0 -0.0 0.0 -1.5 88.5 89.5
5.724 1.0 -0.0 0.0 -1.5 88.5 89.4
5.823 1.0 -0.0 0.0 -1.5 88.5 89.5
5.922 1.0 -0.0 0.0 -1.5 88.5 89.5
6.024 1.0 -0.0 0.0 -1.5 88.5 89.5
6.123 1.0 -0.0 0.0 -1.5 88.5 89.4
6.224 1.0 -0.0 0.0 -1.5 88.5 89.5
6.324 1.0 -0.0 0.0 -1.5 88.5 89.4
6.422 1.0 -0.0 0.0 -1.5 88.5 89.4
6.624 1.0 -0.0 0.0 -1.5 88.5 89.4
6.724 1.0 -0.0 0.0 -1.5 88.5 89.4
6.824 1.0 -0.0 0.0 -1.5 88.5 89.4
6.922 1.0 -0.0 0.0 -1.5 88.5 89.4
7.022 1.0 -0.0 0.0 -1.5 88.5 89.4
7.125 1.0 -0.0 0.0 -1.5 88.5 89.4
7.222 1.0 -0.0 0.0 -1.5 88.5 89.4
7.323 1.0 -0.0 0.0 -1.5 88.5 89.4
7.423 1.0 -0.0 0.0 -1.5 88.5 89.4
7.624 1.0 -0.0 0.0 -1.5 88.5 89.4
7.721 1.0 -0.0 0.0 -1.5 88.5 89.4
7.821 1.0 -0.0 0.0 -1.5 88.5 89.4
7.923 1.0 -0.0 0.0 -1.5 88.6 89.4
8.022 1.0 -0.0 0.0 -1.5 88.6 89.4
8.123 1.0 -0.0 0.0 -1.5 88.6 89.4
8.22 1.0 -0.0 0.0 -1.5 88.6 89.4
8.32 1.0 -0.0 0.0 -1.5 88.6 89.3
8.421 1.0 -0.0 0.0 -1.5 88.6 89.3
8.622 1.0 -0.0 0.0 -1.5 88.5 89.4
8.723 1.0 -0.0 0.0 -1.5 88.5 89.5
8.82 1.0 -0.0 0.0 -1.5 88.5 89.6
8.922 1.0 -0.0 0.0 -1.5 88.5 89.6
9.021 1.0 -0.0 0.0 -1.5 88.5 89.5
9.119 1.0 -0.0 0.0 -1.5 88.5 89.5
9.22 1.0 -0.0 0.0 -1.5 88.5 89.5
9.321 1.0 -0.0 0.0 -1.5 88.5 89.6
9.419 1.0 -0.0 0.0 -1.5 88.5 89.6
9.622 1.0 -0.0 0.0 -1.5 88.5 89.6
9.72 1.0 -0.0 0.0 -1.5 88.5 89.6
9.818 1.0 -0.0 0.0 -1.5 88.5 89.5
9.92 1.0 -0.0 0.0 -1.5 88.5 89.5
10.019 1.0 -0.0 0.0 -1.5 88.5 89.5
10.12 1.0 -0.0 0.0 -1.5 88.5 89.6
10.219 1.0 -0.0 0.0 -1.5 88.5 89.7
10.319 1.0 -0.0 0.0 -1.5 88.5 89.6
10.419 1.0 -0.0 0.0 -1.5 88.5 89.7
10.617 1.0 -0.0 0.0 -1.5 88.5 89.7
10.718 1.0 -0.0 0.0 -1.5 88.5 89.7
10.817 1.0 -0.0 0.0 -1.5 88.5 89.7
10.919 1.0 -0.0 0.0 -1.5 88.5 89.7
11.018 1.0 -0.0 0.0 -1.5 88.5 89.8
11.12 1.0 -0.0 0.0 -1.5 88.5 89.9
11.216 1.0 -0.0 0.0 -1.5 88.5 89.9
11.317 1.0 -0.0 0.0 -1.5 88.5 90.1
11.418 1.0 -0.0 0.0 -1.5 88.5 90.1
11.619 1.0 -0.0 0.0 -1.5 88.5 90.0
11.717 1.0 -0.0 0.0 -1.5 88.5 90.0
11.816 1.0 -0.0 0.0 -1.5 88.5 90.0
11.922 1.0 -0.0 0.0 -1.5 88.5 90.0
12.017 1.0 -0.0 0.0 -1.5 88.5 90.1
12.116 1.0 -0.0 0.0 -1.5 88.5 90.1
12.216 1.0 -0.0 0.0 -1.5 88.5 90.1
12.316 1.0 -0.0 0.0 -1.5 88.5 90.2
12.419 1.0 -0.0 0.0 -1.5 88.5 90.2
12.616 1.0 -0.0 0.0 -1.5 88.5 90.1
12.716 1.0 -0.0 0.0 -1.5 88.5 90.1
12.817 1.0 -0.0 0.0 -1.5 88.5 90.1
12.916 1.0 -0.0 0.0 -1.5 88.5 90.1
13.015 1.0 -0.0 0.0 -1.5 88.5 90.1
13.114 1.0 -0.0 0.0 -1.5 88.5 90.1
13.216 1.0 -0.0 0.0 -1.5 88.5 90.1
13.315 1.0 -0.0 0.0 -1.5 88.5 90.1
13.415 1.0 -0.0 0.0 -1.5 88.5 90.0
13.617 1.0 -0.0 0.0 -1.5 88.5 90.1
13.713 1.0 -0.0 0.0 -1.5 88.5 90.2
13.816 1.0 -0.0 0.0 -1.5 88.5 90.2
13.919 1.0 -0.0 0.0 -1.5 88.5 90.3
14.016 1.0 -0.0 0.0 -1.5 88.5 90.3
14.116 1.0 -0.0 0.0 -1.5 88.5 90.2
14.214 1.0 -0.0 0.0 -1.5 88.5 90.2
14.315 1.0 -0.0 0.0 -1.5 88.5 90.2
14.412 1.0 -0.0 0.0 -1.5 88.5 90.2
14.614 1.0 -0.0 0.0 -1.5 88.5 90.2
14.716 1.0 -0.0 0.0 -1.5 88.5 90.2
14.813 1.0 -0.0 0.0 -1.5 88.5 90.2
14.912 1.0 -0.0 0.0 -1.5 88.5 90.2
15.014 1.0 -0.0 0.0 -1.5 88.5 90.2
15.113 1.0 -0.0 0.0 -1.5 88.5 90.2
15.212 1.0 -0.0 0.0 -1.5 88.5 90.3
15.313 1.0 -0.0 0.0 -1.5 88.5 90.3
15.413 1.0 -0.0 0.0 -1.5 88.5 90.3
15.613 1.0 -0.0 0.0 -1.5 88.5 90.4
15.712 1.0 -0.0 0.0 -1.5 88.5 90.5
15.812 1.0 -0.0 0.0 -1.5 88.5 90.5
15.911 1.0 -0.0 0.0 -1.5 88.5 90.5
16.011 1.0 -0.0 0.0 -1.5 88.5 90.4
16.114 1.0 -0.0 0.0 -1.5 88.5 90.3
16.211 1.0 -0.0 0.0 -1.5 88.5 90.3
16.312 1.0 -0.0 0.0 -1.5 88.5 90.4
16.414 1.0 -0.0 0.0 -1.5 88.5 90.4
16.616 1.0 -0.0 0.0 -1.5 88.5 90.4
16.713 1.0 -0.0 0.0 -1.5 88.5 90.4
16.813 1.0 -0.0 0.0 -1.5 88.5 90.3
16.913 1.0 -0.0 0.0 -1.5 88.5 90.3
17.012 1.0 -0.0 0.0 -1.5 88.5 90.3
17.111 1.0 -0.0 0.0 -1.5 88.5 90.2
17.211 1.0 -0.0 0.0 -1.5 88.5 90.2
17.316 1.0 -0.0 0.0 -1.5 88.5 90.2
17.409 1.0 -0.0 0.0 -1.5 88.5 90.3
17.608 1.0 -0.0 0.0 -1.5 88.5 90.3
17.709 1.0 -0.0 0.0 -1.5 88.5 90.2
17.809 1.0 -0.0 0.0 -1.5 88.5 90.1
17.91 1.0 -0.0 0.0 -1.5 88.5 90.1
18.007 1.0 -0.0 0.0 -1.5 88.5 90.0
18.109 1.0 -0.0 0.0 -1.5 88.5 89.9
18.209 1.0 -0.0 0.0 -1.5 88.5 90.0
18.312 1.0 -0.0 0.0 -1.5 88.5 90.0
18.409 1.0 -0.0 0.0 -1.5 88.5 90.0
18.612 1.0 -0.0 0.0 -1.5 88.5 90.0
18.71 1.0 -0.0 0.0 -1.5 88.5 90.0
18.811 1.0 -0.0 0.0 -1.5 88.5 90.1
18.908 1.0 -0.0 0.0 -1.5 88.5 90.1
19.01 1.0 -0.0 0.0 -1.5 88.5 90.1
19.115 1.0 -0.0 0.0 -1.5 88.5 90.1
19.208 1.0 -0.0 0.0 -1.5 88.5 90.0
19.311 1.0 -0.0 0.0 -1.5 88.5 90.0
19.41 1.0 -0.0 0.0 -1.5 88.5 90.0
19.608 1.0 -0.0 0.0 -1.5 88.5 90.0
19.71 1.0 -0.0 0.0 -1.5 88.5 89.9
19.809 1.0 -0.0 0.0 -1.5 88.5 89.9
19.91 1.0 -0.0 0.0 -1.5 88.5 89.9
20.005 1.0 -0.0 0.0 -1.5 88.5 89.8
20.106 1.0 -0.0 0.0 -1.5 88.5 89.8
20.205 1.0 -0.0 0.0 -1.5 88.5 89.9
20.307 1.0 -0.0 0.0 -1.5 88.5 89.9
20.406 1.0 -0.0 0.0 -1.5 88.5 90.0
20.607 1.0 -0.0 0.0 -1.5 88.5 90.2
20.708 1.0 -0.0 0.0 -1.5 88.5 90.2
20.805 1.0 -0.0 0.0 -1.5 88.5 90.1
20.908 1.0 -0.0 0.0 -1.5 88.5 90.0
21.005 1.0 -0.0 0.0 -1.5 88.5 89.9
21.105 1.0 -0.0 0.0 -1.5 88.5 89.9
21.207 1.0 -0.0 0.0 -1.5 88.5 90.0
21.306 1.0 -0.0 0.0 -1.5 88.5 90.0
21.404 1.0 -0.0 0.0 -1.5 88.5 89.9
21.604 1.0 -0.0 0.0 -1.5 88.5 90.0
21.705 1.0 -0.0 -0.0 -1.5 88.5 89.8
21.808 1.0 -0.0 0.0 -1.5 88.5 89.8
21.906 1.0 -0.0 0.0 -1.5 88.6 89.6
22.005 1.0 -0.0 0.0 -1.5 88.5 89.8
22.104 1.0 -0.0 0.0 -1.5 88.6 89.5
22.205 1.0 -0.0 0.0 -1.5 88.6 89.4
22.304 1.0 -0.0 0.0 -1.5 88.6 89.5
22.404 1.0 -0.0 0.0 -1.5 88.6 89.4
22.606 1.0 -0.0 0.0 -1.5 88.6 89.4
22.703 1.0 -0.0 0.0 -1.5 88.5 89.6
22.805 1.0 -0.0 0.0 -1.5 88.6 89.5
22.902 1.0 -0.0 0.0 -1.5 88.6 89.5
23.004 1.0 -0.0 0.0 -1.5 88.5 89.6
23.103 1.0 -0.0 0.0 -1.5 88.5 89.5
23.204 1.0 -0.0 0.0 -1.5 88.6 89.5
23.303 1.0 -0.0 -0.0 -1.5 88.6 89.3
23.404 1.0 -0.0 0.0 -1.5 88.5 89.7
23.603 1.0 -0.0 0.0 -1.5 88.6 89.4
23.703 1.0 -0.0 0.0 -1.5 88.6 89.4
23.803 1.0 -0.0 0.0 -1.5 88.5 89.6
23.905 1.0 -0.0 0.0 -1.5 88.6 89.5
24.001 1.0 -0.0 0.0 -1.5 88.6 89.4
24.101 1.0 -0.0 0.0 -1.5 88.6 89.6
24.203 1.0 -0.0 -0.0 -1.5 88.5 89.5
24.304 1.0 -0.0 0.0 -1.5 88.6 89.5
24.402 1.0 -0.0 0.0 -1.5 88.6 89.5
24.604 1.0 -0.0 0.0 -1.5 88.6 89.5
24.703 1.0 -0.0 0.0 -1.5 88.6 89.3
24.8 1.0 -0.0 0.0 -1.5 88.6 89.5
24.902 1.0 -0.0 0.0 -1.5 88.6 89.2
25.002 1.0 -0.0 0.0 -1.5 88.6 89.2
25.099 1.0 -0.0 0.0 -1.5 88.6 89.4
25.2 1.0 -0.0 0.0 -1.5 88.6 89.4
25.301 1.0 -0.0 -0.0 -1.5 88.5 89.3
25.401 1.0 -0.1 -0.0 -1.5 88.5 88.8
25.602 1.0 -0.0 0.0 -1.5 88.6 89.0
25.7 1.0 -0.0 0.0 -1.5 88.6 88.9
25.804 1.0 -0.0 -0.0 -1.5 88.6 88.6
25.902 1.0 -0.0 -0.0 -1.5 88.6 88.7
25.999 1.0 -0.0 -0.0 -1.5 88.6 88.9
26.099 1.0 -0.0 0.0 -1.4 88.6 89.1
26.202 1.0 -0.0 0.0 -1.4 88.6 88.7
26.299 1.0 -0.0 0.0 -1.4 88.6 88.3
26.398 1.0 0.0 0.0 -0.5 89.6 89.5
26.598 1.0 -0.0 0.0 -0.2 89.7 88.8
26.708 1.0 -0.0 -0.0 0.3 89.8 90.8
26.799 1.0 -0.0 0.0 -0.4 89.2 92.6
26.904 1.1 -0.0 -0.0 -0.7 89.3 91.0
26.997 1.1 -0.0 -0.0 -0.8 89.2 89.5
27.098 1.0 -0.1 -0.0 -0.9 89.1 88.7
27.2 0.9 -0.0 -0.0 -0.9 88.5 84.7
27.307 1.0 -0.1 -0.1 -1.0 86.9 78.6
27.402 1.1 -0.0 -0.1 -1.2 85.3 73.6
27.597 1.0 0.0 -0.1 -0.2 84.8 73.4
27.697 1.0 0.1 -0.1 0.3 85.1 75.1
27.8 1.0 -0.0 -0.0 -0.0 86.4 78.9
27.898 1.0 0.0 -0.1 0.7 86.2 79.3
27.996 1.0 0.1 -0.1 1.1 86.1 80.0
28.098 1.0 -0.0 -0.1 0.4 85.1 76.0
28.195 1.1 0.0 -0.1 1.1 84.8 76.5
28.297 1.0 0.0 -0.0 1.7 85.4 80.2
28.398 1.1 0.0 -0.1 1.3 85.8 81.1
28.597 0.9 -0.0 -0.1 -0.6 84.7 75.2
28.697 1.0 -0.0 -0.1 -0.2 84.1 73.8
28.796 1.0 -0.0 -0.1 0.9 84.1 75.4
28.896 1.0 0.1 -0.1 2.7 82.9 75.7
28.998 1.0 0.1 -0.1 3.7 82.1 76.5
29.094 1.0 0.1 -0.2 3.2 82.4 77.7
29.195 1.0 0.0 -0.1 2.9 82.6 78.1
29.294 1.0 -0.0 -0.1 2.1 82.8 77.4
29.393 1.0 0.0 -0.1 1.7 82.8 76.8
29.595 1.0 0.0 -0.1 1.1 83.5 76.9
29.695 1.0 0.0 -0.1 1.2 83.7 77.4
29.798 1.0 0.0 -0.1 1.4 83.8 77.8
29.896 1.0 -0.0 -0.1 1.5 84.0 78.2
29.993 1.0 0.0 -0.1 1.5 84.0 78.2
30.094 1.0 0.0 -0.1 1.7 83.7 78.1
30.194 1.0 0.0 -0.1 1.7 83.9 78.3
30.297 1.0 0.0 -0.1 1.9 83.5 77.8
30.392 1.0 0.0 -0.1 1.9 83.6 78.0
30.595 1.0 0.0 -0.1 2.2 83.8 78.8
30.694 1.0 0.0 -0.1 2.4 83.8 79.1
30.794 1.0 0.1 -0.2 3.0 84.2 82.1
30.897 0.5 -0.6 1.0 -9.0 54.3 126.0
30.995 1.1 -0.4 1.0 -17.9 -10.2 131.1
31.093 -0.1 -0.3 1.1 -13.5 3.8 131.3
31.193 0.7 -0.3 1.4 -6.8 39.8 128.4
31.292 0.5 0.1 0.2 -1.6 79.7 103.5
31.393 0.8 0.1 -0.0 -3.9 86.1 85.0
31.605 1.0 -0.0 -0.2 -2.7 80.9 69.6
31.692 1.0 -0.1 -0.1 -2.4 80.8 69.1
31.794 1.0 -0.0 -0.1 -2.2 81.2 70.4
31.894 1.0 -0.1 -0.1 -2.3 81.7 71.8
31.992 1.0 -0.0 -0.1 -2.2 81.9 72.2
32.093 1.0 -0.0 -0.1 -2.1 81.9 72.1
32.195 1.0 -0.0 -0.2 -1.9 81.9 72.1
32.29 1.0 -0.0 -0.1 -1.7 82.3 73.0
32.391 1.0 -0.0 -0.1 -1.5 82.7 74.0
32.594 1.0 0.0 -0.2 -0.9 84.0 77.0
32.691 0.6 0.2 0.2 -1.0 76.7 109.0
32.789 0.8 -0.2 1.4 -6.3 13.2 135.5
32.891 -0.1 -0.1 1.0 -4.4 -0.9 137.9
32.991 0.1 -0.1 1.2 -3.3 15.2 136.4
33.095 0.7 0.0 0.9 -4.5 41.2 129.8
33.192 0.9 -0.4 0.4 -4.1 77.5 102.1
33.291 1.0 -0.0 -0.3 -3.5 81.7 73.4
33.394 0.9 0.1 -0.5 -0.2 69.9 52.1
33.595 1.0 0.0 -0.3 0.0 71.2 55.4
33.691 1.0 -0.1 -0.3 -0.2 72.3 57.2
33.789 1.0 -0.0 -0.3 -0.2 72.8 57.7
33.89 1.0 -0.0 -0.3 -0.4 73.1 57.9
33.99 1.0 -0.0 -0.3 -0.2 73.4 58.5
34.089 1.0 -0.0 -0.3 -0.1 73.9 59.4
34.19 1.0 0.0 -0.3 -0.2 74.3 59.8
34.291 1.0 -0.0 -0.3 -0.1 74.6 60.4
34.39 1.0 0.2 -0.3 0.7 78.6 69.2
34.59 0.8 -0.2 1.3 -3.4 5.6 135.2
34.689 -0.2 0.2 0.7 -5.6 5.8 135.2
34.791 0.3 -0.2 1.2 -4.7 20.5 133.4
34.889 0.7 -0.0 0.5 -8.3 45.5 129.2
34.988 0.7 -0.0 0.3 -5.4 71.3 111.8
35.088 1.1 0.0 -0.0 -1.5 87.4 92.8
35.187 1.0 0.0 -0.1 -1.2 87.1 83.4
35.288 1.0 -0.0 -0.1 -1.4 86.0 81.4
35.39 1.0 -0.0 -0.1 -1.5 84.9 79.0
35.589 1.0 -0.0 -0.1 -1.5 83.6 76.7
35.689 1.0 -0.0 -0.1 -1.5 83.7 76.8
35.789 1.0 -0.0 -0.1 -1.3 83.6 76.8
35.886 1.0 -0.0 -0.1 -1.4 83.8 77.1
35.987 1.0 -0.0 -0.1 -1.1 83.8 77.1
36.087 1.0 -0.0 -0.1 -1.1 83.8 77.3
36.185 1.0 -0.0 -0.1 -0.9 83.9 77.4
36.289 1.0 -0.0 -0.1 -0.8 83.8 77.3
36.386 1.0 -0.0 -0.1 -0.7 83.8 77.6
36.587 -0.3 -0.3 1.3 -4.1 40.2 132.6
36.687 0.4 -0.1 1.2 -4.8 -1.3 136.0
36.788 0.1 -0.1 1.0 -6.5 5.2 137.0
36.888 0.3 -0.2 1.3 -5.6 9.8 137.3
36.987 0.6 -0.2 1.1 -7.8 24.3 135.8
37.085 0.6 -0.2 0.8 -7.9 56.2 122.7
37.185 0.9 -0.1 0.1 -3.1 83.6 96.5
37.286 0.9 0.0 -0.2 -0.5 81.8 73.5
37.384 1.1 0.1 -0.2 0.9 76.3 64.9
37.584 1.0 0.0 -0.2 0.0 77.3 65.7
37.686 1.0 0.0 -0.3 0.2 76.5 64.2
37.783 1.0 0.0 -0.3 0.4 75.9 63.5
37.886 1.0 0.0 -0.2 0.5 76.0 63.8
37.985 1.0 0.0 -0.2 0.5 76.2 64.2
38.086 1.0 0.0 -0.2 0.5 76.6 64.9
38.184 1.0 0.0 -0.2 0.7 76.8 65.4
38.288 1.0 0.0 -0.2 0.7 77.2 66.0
38.385 1.0 0.0 -0.2 0.8 77.3 66.3
38.585 1.0 0.0 -0.2 0.9 77.5 66.8
38.682 1.0 0.0 -0.2 1.1 77.6 67.3
38.788 1.0 0.2 -0.3 2.3 80.2 74.1
38.885 0.5 -0.1 0.8 -3.0 59.3 124.2
38.984 0.7 -0.1 1.1 -7.7 6.5 134.6
39.083 -0.4 -0.1 0.9 -7.5 8.2 133.9
39.183 0.3 -0.1 1.0 -7.2 7.5 134.5
39.281 0.2 -0.2 1.0 -7.2 10.1 134.3
39.382 0.2 -0.1 1.0 -7.3 14.0 134.3
39.583 0.4 -0.1 0.9 -6.7 21.6 134.1
39.683 0.4 -0.1 1.0 -6.6 21.6 134.1
39.781 0.4 -0.1 0.9 -6.6 21.3 134.0
39.881 0.4 -0.1 1.0 -6.5 20.5 134.2
39.983 0.4 -0.1 0.9 -6.4 20.3 134.3
40.084 0.4 -0.1 0.9 -6.4 20.4 134.3
40.182 0.4 -0.1 0.9 -6.4 20.4 134.3
40.282 0.4 -0.1 0.9 -6.3 20.1 134.4
40.384 0.3 -0.1 0.9 -6.3 18.6 134.5
40.582 0.2 -0.1 1.0 -7.2 12.4 135.5
40.681 0.2 -0.1 1.0 -7.4 11.0 135.7
40.784 0.2 -0.1 1.0 -7.5 10.6 135.6
40.882 0.2 -0.1 1.0 -7.6 10.1 135.6
41.084 0.2 -0.1 1.0 -7.7 10.0 135.6
41.184 0.2 -0.1 1.0 -7.5 8.7 135.3
41.283 0.1 -0.2 1.0 -7.6 8.3 135.2
41.382 0.5 -0.4 1.4 -8.2 18.2 133.1
41.481 0.6 -0.1 0.7 -10.0 63.3 114.9
41.683 1.0 0.1 -0.4 1.9 73.5 61.3
41.784 1.1 -0.2 -0.2 0.1 77.0 66.7
41.882 1.0 0.0 -0.2 0.3 77.4 67.6
41.981 1.0 0.0 -0.2 0.6 77.2 68.0
42.181 1.0 0.0 -0.2 0.5 77.0 68.1
42.282 1.0 -0.0 -0.2 0.3 77.2 68.2
42.384 1.0 0.0 -0.2 0.6 77.1 68.4
42.48 1.0 0.0 -0.2 0.6 77.3 68.8
42.582 1.0 0.0 -0.2 0.5 77.6 69.1
42.681 1.0 0.0 -0.2 0.5 77.5 69.1
42.78 1.0 0.0 -0.2 0.5 76.9 68.2
42.88 1.0 0.0 -0.2 0.5 77.3 68.8
42.983 1.0 0.1 -0.2 0.7 79.3 72.6
43.181 0.2 -0.1 1.3 -8.0 26.3 131.6
43.28 -0.0 -0.3 1.2 -6.0 2.3 132.4
43.381 0.4 -0.1 1.1 -7.4 6.8 132.7
43.481 0.2 -0.1 0.9 -8.7 12.1 133.1
43.582 0.2 -0.1 1.0 -8.2 11.4 133.1
43.677 0.2 -0.1 1.0 -8.0 11.7 133.2
43.78 0.3 -0.1 0.9 -7.7 19.7 132.7
43.88 0.6 -0.1 0.8 -6.8 33.0 130.2
43.979 0.7 -0.1 0.6 -4.7 49.0 123.9
44.178 0.9 -0.0 0.3 -1.7 71.2 110.0
44.278 1.0 -0.0 0.2 -1.2 76.1 105.9
44.375 1.0 -0.0 0.2 -1.2 77.3 104.7
44.476 1.0 0.0 0.2 -1.0 77.8 104.4
44.58 1.0 -0.0 0.2 -1.1 79.0 103.0
44.676 1.0 -0.0 0.2 -1.1 80.1 101.9
44.777 1.0 -0.0 0.2 -1.0 80.7 101.3
44.875 1.0 -0.0 0.2 -0.6 81.5 100.9
44.975 1.0 0.0 0.2 -0.4 81.6 101.0
45.177 1.0 -0.0 0.2 -0.1 81.3 101.8
45.275 1.0 0.1 -0.1 0.3 78.8 105.5
45.374 -0.6 -0.1 1.6 -8.7 24.5 133.8
45.474 -1.4 0.1 0.8 -7.6 -2.5 131.1
45.574 0.2 -0.1 0.8 -11.1 0.3 134.0
45.674 0.0 -0.3 1.1 -9.7 1.8 133.2
45.776 0.1 -0.2 1.0 -9.9 3.2 133.7
45.874 0.1 -0.2 1.0 -9.9 3.7 133.8
45.975 0.1 -0.1 1.0 -9.4 3.7 133.9
46.173 0.1 -0.2 1.0 -9.0 3.9 133.5
46.277 0.1 -0.2 1.0 -9.1 5.3 133.6
46.373 0.1 -0.2 1.0 -9.0 7.4 133.8
46.473 0.2 -0.2 1.0 -8.9 9.2 133.7
46.573 0.2 -0.2 1.0 -8.8 10.1 133.6
46.676 0.2 -0.1 1.0 -8.7 10.9 133.6
46.773 0.2 -0.2 1.0 -8.8 11.5 133.6
46.873 0.2 -0.1 1.0 -8.9 11.4 133.5
46.973 0.2 -0.2 1.0 -8.7 11.0 133.4
47.175 0.2 -0.1 1.0 -8.3 12.2 133.7
47.272 0.3 -0.2 1.0 -8.4 15.5 133.4
47.373 0.3 -0.1 0.8 -9.0 18.0 133.5
47.472 0.3 -0.2 0.9 -9.1 14.6 133.5
47.572 0.2 -0.2 1.1 -9.1 9.8 133.8
47.672 0.1 -0.2 1.0 -9.8 10.0 133.8
47.771 0.2 -0.2 1.0 -9.8 12.2 134.0
47.872 0.3 -0.2 0.9 -9.8 17.9 134.5
47.971 0.4 -0.2 0.9 -9.9 17.6 134.8
48.172 0.2 -0.2 1.1 -9.6 10.1 133.8
48.272 0.2 -0.2 1.0 -10.4 13.0 133.7
48.371 0.3 -0.1 0.8 -10.6 18.6 134.6
48.47 0.3 -0.2 1.0 -9.9 15.8 134.3
48.571 0.2 -0.2 1.0 -9.1 14.0 134.4
48.67 0.2 -0.1 0.9 -9.5 14.3 133.8
48.769 0.2 -0.2 1.1 -9.0 12.9 133.2
48.871 0.5 -0.2 1.0 -8.9 24.4 132.6
48.969 0.8 0.0 0.6 -7.1 57.9 120.8
49.171 1.0 -0.0 -0.2 -0.1 86.4 82.7
49.271 1.1 -0.0 0.0 -1.9 88.0 86.7
49.369 1.0 -0.0 0.0 -1.9 88.0 86.7
49.471 1.0 -0.0 -0.0 -2.1 87.3 84.6
49.57 1.0 -0.1 -0.0 -2.5 86.7 83.6
49.668 1.0 -0.1 0.0 -2.5 86.9 84.3
49.771 1.0 -0.0 -0.0 -2.3 87.0 84.4
49.869 1.0 -0.0 -0.0 -2.5 87.0 84.4
49.969 1.0 -0.1 -0.0 -2.5 87.2 85.0
50.168 1.0 -0.0 -0.0 -1.5 88.1 86.5
50.269 1.0 -0.0 -0.0 -1.0 88.7 87.5
50.372 0.9 0.1 -0.2 -1.0 86.8 94.1
50.468 -0.2 -0.2 1.2 -7.3 40.9 126.5
50.569 0.9 -0.3 1.3 -2.6 -7.7 129.4
50.668 0.4 -0.0 1.0 -3.7 1.4 132.0
50.772 0.2 -0.1 0.9 -5.6 9.0 133.5
50.868 0.2 -0.0 0.9 -5.3 10.8 133.5
50.97 0.2 -0.1 1.0 -5.1 11.2 133.0
51.168 0.4 -0.1 1.0 -5.6 18.5 132.7
51.27 0.5 -0.1 0.9 -5.3 25.5 132.0
51.368 0.5 -0.1 0.8 -5.3 29.3 131.6
51.468 0.5 -0.1 0.9 -5.4 28.6 131.4
51.567 0.5 -0.1 0.9 -5.5 26.7 131.5
51.668 0.5 -0.1 0.9 -6.7 20.5 132.7
51.767 0.3 -0.1 0.9 -7.1 16.1 133.7
51.868 0.3 -0.1 0.9 -7.6 16.5 133.9
51.967 0.2 -0.2 1.0 -7.7 17.9 134.0
52.165 0.1 -0.2 1.0 -8.1 15.8 134.2
52.266 0.7 -0.1 1.0 -9.0 10.9 135.9
52.367 0.1 -0.2 1.0 -8.1 15.2 134.9
52.466 0.1 -0.2 1.0 -7.0 20.9 133.5
52.566 0.6 -0.1 0.9 -8.0 30.7 131.6
52.666 0.8 -0.0 0.6 -6.9 60.0 118.6
52.766 0.6 0.1 -0.1 -2.0 83.5 97.5
52.866 1.0 -0.0 0.0 -1.3 85.7 95.5
52.967 1.0 -0.1 0.2 -2.8 83.0 97.6
53.165 1.0 -0.0 0.1 -2.8 83.9 95.9
53.264 1.0 -0.1 0.1 -2.9 84.0 95.5
53.364 1.0 -0.0 0.1 -2.8 84.3 95.2
53.465 1.0 -0.0 0.1 -2.7 84.4 95.3
53.565 1.0 -0.0 0.1 -2.6 84.4 95.4
53.664 1.0 -0.0 0.1 -2.5 84.4 95.5
53.763 1.0 -0.0 0.1 -2.4 84.4 95.7
53.864 1.0 -0.0 0.1 -2.4 84.3 96.0
53.963 1.0 -0.0 0.1 -2.3 84.4 95.8
54.162 1.0 -0.0 0.1 -2.3 84.4 95.8
54.262 1.0 -0.0 0.1 -2.4 84.1 96.0
54.363 1.0 -0.0 0.1 -2.2 84.6 95.4
54.464 1.0 -0.0 0.1 -2.1 85.2 94.6
54.563 1.0 -0.0 0.1 -2.2 85.3 94.4
54.662 1.0 -0.0 0.1 -2.0 85.5 94.3
54.762 1.0 -0.0 0.1 -2.0 85.5 94.4
54.862 1.0 -0.0 0.1 -2.2 85.7 93.8
54.962 1.0 -0.0 0.1 -2.3 85.9 93.2
55.163 1.0 -0.0 0.1 -2.1 86.1 93.0
55.261 1.0 -0.0 0.1 -2.3 86.0 93.0
55.362 1.0 -0.0 0.0 -2.1 86.5 92.3
55.463 1.0 -0.0 0.1 -1.7 86.3 93.6
55.563 1.0 -0.0 0.1 -1.0 86.1 95.1
55.662 1.0 -0.0 0.1 -0.6 85.9 96.1
55.762 1.0 0.1 -0.1 -0.6 84.3 98.4
55.861 0.4 -0.3 0.5 -6.6 61.6 119.4
55.961 0.5 -0.4 1.4 -12.9 -2.4 133.4
56.161 0.6 -0.1 1.1 -11.7 4.5 137.1
56.261 0.3 -0.3 1.0 -10.3 16.2 136.4
56.362 0.7 -0.1 0.8 -10.9 29.6 134.2
56.463 0.6 -0.2 0.6 -4.8 61.2 119.7
56.563 0.9 -0.1 0.2 -2.2 78.7 104.3
56.661 1.0 0.0 -0.0 0.5 85.6 97.9
56.759 1.0 -0.0 0.1 0.2 85.7 97.4
56.859 1.0 0.0 0.1 0.9 86.1 97.2
56.96 1.0 0.0 0.1 1.5 85.5 98.2
57.16 1.5 -0.5 1.4 -11.9 -5.3 135.8
57.26 0.1 -0.4 1.2 -9.4 9.9 134.9
57.361 0.4 -0.1 1.0 -9.2 21.5 135.2
57.46 0.6 -0.2 0.9 -9.1 28.7 134.3
57.56 0.7 -0.2 0.8 -8.3 40.9 130.6
57.66 0.8 -0.1 0.6 -5.7 55.7 124.0
57.761 0.9 -0.1 0.4 -2.7 65.2 117.5
57.86 1.0 -0.0 0.3 -1.9 71.8 112.0
57.959 0.9 -0.1 0.2 -1.4 78.8 104.9
58.158 1.0 -0.0 0.0 -1.3 88.2 91.1
58.259 1.0 -0.0 0.1 -1.7 87.8 90.7
58.359 1.0 -0.0 0.0 -1.5 88.5 89.2
58.457 1.0 -0.0 0.0 -1.2 88.4 87.0
58.558 1.0 -0.0 -0.0 -1.1 87.6 85.3
58.658 1.0 -0.0 -0.0 -1.2 87.0 84.2
58.759 1.1 0.1 -0.2 -3.1 86.6 84.1
58.859 1.0 -0.1 0.3 -5.8 80.8 96.6
58.958 0.9 0.0 -0.1 -2.8 87.2 88.2
59.157 1.0 -0.2 0.2 -5.2 84.8 83.3
59.259 1.0 -0.0 -0.1 -4.5 85.3 88.6
59.358 1.0 -0.2 0.3 -5.5 81.8 95.6
59.457 1.0 -0.1 0.2 -4.1 84.1 93.9
59.558 1.0 -0.0 -0.1 -2.9 87.0 88.5
59.657 1.0 -0.1 0.2 -3.6 85.7 90.9
59.757 1.0 -0.0 -0.0 -3.7 85.5 91.5
59.856 1.0 -0.1 0.1 -4.4 83.9 93.2
59.957 1.1 -0.1 0.0 -3.1 86.9 88.2
60.157 1.0 -0.2 0.3 -5.3 83.2 92.7
60.257 1.0 0.0 -0.1 -3.6 85.8 90.9
60.355 1.0 -0.1 0.1 -3.8 85.1 92.2
60.457 1.0 -0.0 0.0 -3.0 86.2 91.7
60.555 1.0 -0.0 0.0 -2.9 86.3 91.4
60.655 1.0 -0.0 0.0 -2.6 86.4 92.1
60.755 1.0 -0.0 0.1 -2.1 87.0 91.9
60.855 1.0 -0.1 -0.0 -1.1 88.9 88.6
60.956 1.0 -0.0 -0.0 -0.8 89.2 88.7
61.156 1.0 0.0 -0.1 -0.4 88.3 86.6
61.256 1.0 -0.0 -0.0 -0.4 89.2 88.3
61.356 1.0 0.0 0.0 -0.4 89.3 90.8
61.454 1.0 0.0 0.0 0.1 89.3 91.4
61.554 1.0 0.0 -0.0 0.6 89.4 90.2
61.653 1.0 0.0 0.0 0.6 89.1 89.3
61.752 1.0 0.0 -0.0 1.0 87.9 87.3
61.852 1.0 0.0 -0.0 1.3 88.2 88.7
61.953 1.1 0.0 0.0 0.6 89.5 90.7
62.155 1.1 -0.1 0.0 -1.5 88.3 90.6
62.254 1.0 -0.1 0.0 -0.3 88.5 92.9
62.354 1.1 -0.0 0.0 -0.9 88.7 91.1
62.453 1.0 0.0 0.1 -0.3 88.1 93.3
62.553 1.0 -0.0 0.0 -0.3 89.0 91.7
62.652 0.9 -0.0 0.0 0.6 88.4 93.5
62.751 1.0 0.0 0.0 0.4 88.7 92.9
62.852 1.1 0.0 0.0 0.5 89.0 92.1
62.952 1.0 0.0 -0.0 1.5 88.2 93.5
63.153 1.0 0.0 0.0 2.6 87.3 94.3
63.251 1.0 0.1 -0.0 3.0 87.0 93.2
63.351 1.0 0.1 0.0 3.9 86.1 95.4
63.449 1.0 0.1 0.0 4.3 85.7 95.9
63.55 1.0 0.1 0.0 4.5 85.5 96.3
63.651 1.0 0.1 0.0 4.7 85.2 96.9
63.75 1.0 0.1 0.0 4.1 85.8 96.1
