MPU6050 - 04/14/2018 23:26:11
0.093 1.0 0.0 0.0 0.7 88.6 93.1
0.189 1.0 -0.0 0.0 0.6 88.6 93.1
0.389 1.0 0.0 0.0 1.6 87.6 95.1
0.495 1.0 0.1 0.1 2.2 87.3 95.5
0.591 1.1 0.0 0.1 1.4 88.5 92.7
0.69 1.0 0.1 0.0 1.3 88.7 91.3
0.789 1.0 -0.0 -0.0 1.0 88.7 89.3
0.894 1.0 -0.0 -0.1 0.6 88.9 88.9
0.993 1.0 -0.1 -0.0 0.2 89.4 89.2
1.088 1.0 0.0 -0.0 -0.4 88.8 87.5
1.191 1.0 -0.1 0.0 -1.4 88.4 87.3
1.388 1.0 -0.0 -0.0 -1.4 88.3 86.7
1.49 1.0 -0.0 -0.0 -1.4 87.9 85.8
1.588 1.0 -0.0 -0.0 -1.2 87.6 85.2
1.692 1.1 0.0 -0.0 -0.6 88.1 86.4
1.79 1.0 -0.1 -0.0 -1.7 88.0 86.3
1.889 1.0 -0.0 -0.1 -1.9 87.4 85.0
1.989 1.0 -0.1 0.0 -2.5 87.1 84.9
2.087 1.1 0.1 -0.1 -0.3 86.5 83.9
2.188 1.0 -0.1 -0.0 0.2 86.8 84.8
2.388 1.0 -0.0 -0.1 0.4 86.7 84.9
2.489 1.0 0.0 -0.1 0.3 86.1 84.1
2.587 1.0 0.1 -0.1 0.1 86.1 83.6
2.687 1.0 -0.0 -0.1 -0.3 86.2 83.6
2.788 1.0 -0.0 -0.1 -0.3 85.8 82.8
2.886 1.0 -0.0 -0.1 -0.2 85.9 83.1
2.986 1.0 -0.0 -0.1 0.0 86.1 83.7
3.086 1.0 0.0 -0.1 0.5 86.1 84.2
3.189 1.0 0.0 -0.1 0.6 86.2 84.5
3.386 1.0 0.0 -0.1 0.5 86.3 84.6
3.494 1.0 0.0 -0.0 0.5 86.5 84.9
3.59 1.0 -0.0 -0.1 0.4 86.4 84.7
3.686 1.0 -0.0 -0.1 0.2 86.4 84.4
3.785 1.0 -0.0 -0.1 0.1 86.5 84.5
3.887 1.0 0.0 -0.1 0.3 86.7 85.0
3.986 1.0 0.0 -0.1 0.4 86.7 85.2
4.085 1.0 0.0 -0.1 0.5 86.8 85.4
4.184 1.0 0.0 -0.1 0.4 86.4 84.6
4.384 1.0 0.0 -0.1 0.5 86.4 84.8
4.483 1.0 0.0 -0.0 0.7 86.4 85.1
4.587 1.0 0.0 -0.1 0.7 86.2 84.7
4.69 1.0 0.0 -0.1 0.5 86.3 84.5
4.784 1.0 -0.0 -0.0 0.6 86.6 85.1
4.884 1.0 0.0 -0.0 0.7 86.7 85.5
4.985 1.0 0.0 -0.1 0.7 86.4 85.0
5.083 1.0 -0.0 -0.1 0.5 86.5 84.9
5.183 1.0 -0.0 -0.0 0.6 86.8 85.6
5.383 1.0 0.0 -0.1 0.7 86.6 85.4
5.482 1.0 0.0 -0.1 0.6 86.7 85.3
5.584 1.0 0.0 -0.1 0.6 86.7 85.5
5.684 1.0 0.0 -0.1 0.6 86.7 85.4
5.783 1.0 0.0 -0.1 0.5 86.7 85.3
5.887 1.0 0.0 -0.1 0.5 86.7 85.4
5.983 1.0 0.0 -0.1 0.6 86.7 85.4
6.082 1.0 0.0 -0.1 0.6 86.6 85.3
6.182 1.0 0.0 -0.1 0.6 86.6 85.3
6.384 1.0 0.0 -0.1 0.6 86.6 85.3
6.483 1.0 0.0 -0.0 0.6 86.9 85.7
6.581 1.0 0.0 -0.1 0.9 86.7 85.9
6.68 1.0 0.0 -0.0 1.0 86.9 86.3
6.783 1.0 -0.0 -0.0 1.0 87.0 86.4
6.881 1.0 0.0 -0.0 1.0 87.2 86.6
6.983 1.0 0.0 -0.1 1.3 86.9 86.6
7.083 1.0 0.0 -0.1 1.6 86.6 86.6
7.181 1.0 0.0 -0.0 1.8 86.6 86.9
7.384 1.0 0.0 -0.0 2.4 86.4 87.7
7.48 1.0 0.1 -0.1 2.6 86.0 87.5
7.581 1.0 0.0 -0.1 2.4 85.5 86.2
7.68 1.0 0.0 0.1 2.6 87.5 92.3
7.781 1.0 0.1 -0.0 3.2 86.8 91.9
7.881 1.0 0.0 -0.1 2.5 87.2 90.4
7.983 1.0 -0.0 -0.0 2.5 87.5 91.3
8.083 1.0 0.1 -0.0 2.9 87.2 93.2
8.183 1.1 0.0 -0.0 2.1 88.0 91.8
8.38 1.0 0.0 -0.0 2.1 87.9 91.8
8.479 1.0 0.0 0.0 2.6 87.4 91.8
8.58 1.0 0.0 -0.0 2.6 87.3 91.6
8.684 1.1 0.0 -0.0 2.2 87.4 89.9
8.881 1.1 0.1 -0.0 3.4 86.4 91.5
8.98 1.1 0.1 -0.0 3.7 86.3 92.6
9.081 1.1 0.1 0.0 4.6 85.5 94.6
9.18 1.1 0.1 0.0 4.2 85.8 94.4
9.279 1.0 0.1 -0.0 4.0 85.7 91.6
9.481 1.0 0.1 -0.0 3.4 85.8 89.3
9.583 1.0 0.1 -0.0 3.2 86.0 89.1
9.68 1.0 0.1 -0.0 3.3 86.0 89.6
9.777 1.0 0.1 -0.1 3.6 85.9 90.3
9.981 1.0 0.0 -0.0 4.0 85.9 91.8
10.079 0.9 0.1 0.0 4.4 85.6 93.7
10.183 1.0 0.1 0.0 4.8 85.2 94.6
10.278 1.0 0.1 -0.0 5.0 85.0 94.3
10.38 1.0 0.1 -0.0 5.3 84.8 94.9
10.481 1.0 0.1 -0.0 5.2 84.8 94.5
10.582 1.0 0.1 0.0 5.3 84.8 94.8
10.679 1.0 0.1 -0.0 5.1 84.9 94.4
10.778 1.0 0.1 -0.0 5.1 84.9 94.1
10.979 1.0 0.1 0.0 5.3 84.7 94.5
11.075 1.0 0.1 -0.0 5.2 84.8 94.2
11.179 1.0 0.1 -0.0 5.2 84.8 94.2
11.277 1.0 0.1 -0.0 5.2 84.8 94.2
11.375 1.0 0.1 -0.0 5.1 84.9 93.9
11.473 1.0 0.1 -0.0 5.1 84.9 93.9
11.574 1.0 0.1 -0.0 5.1 84.9 94.1
11.675 1.0 0.1 -0.0 5.0 85.0 93.9
11.781 1.0 0.1 -0.0 5.1 84.9 94.0
11.974 1.0 0.1 -0.0 5.0 85.0 93.8
12.074 1.0 0.1 0.0 5.0 85.0 93.9
12.173 1.0 0.1 -0.0 5.0 85.0 94.0
12.274 1.0 0.1 -0.0 5.0 85.0 94.0
12.374 1.0 0.1 -0.0 5.0 85.0 94.0
12.475 1.0 0.1 -0.0 4.9 85.1 93.9
12.573 1.0 0.1 0.0 5.0 85.1 94.2
12.672 1.0 0.1 0.0 5.0 85.1 94.0
12.773 1.0 0.1 -0.0 4.9 85.1 94.0
12.973 1.0 0.1 -0.0 4.9 85.1 93.9
13.073 1.0 0.1 -0.0 5.0 85.0 94.3
13.172 1.0 0.1 0.0 5.0 85.0 94.4
13.273 1.0 0.1 -0.0 4.9 85.1 94.1
13.371 1.0 0.1 -0.0 4.9 85.1 94.2
13.473 1.0 0.1 -0.0 4.9 85.1 94.2
13.572 1.0 0.1 -0.0 4.9 85.1 94.3
13.671 1.0 0.1 -0.0 4.9 85.1 94.2
13.773 1.0 0.1 0.0 4.9 85.1 94.2
13.973 1.0 0.1 -0.0 5.0 85.1 94.1
14.075 1.0 0.1 -0.0 4.9 85.1 94.1
14.172 1.0 0.1 -0.0 4.9 85.1 94.2
14.274 1.0 0.1 -0.0 4.9 85.2 94.0
14.371 1.0 0.1 -0.0 4.9 85.1 94.1
14.472 1.0 0.1 -0.0 4.9 85.1 94.0
14.572 1.0 0.1 0.0 5.0 85.1 94.3
14.672 1.0 0.1 -0.0 4.9 85.1 94.2
14.771 1.0 0.1 0.0 5.0 85.0 94.3
14.97 1.0 0.1 -0.0 4.9 85.1 94.4
15.071 1.0 0.1 0.0 4.9 85.1 94.5
15.17 1.0 0.1 -0.0 4.9 85.1 94.4
15.269 1.0 0.1 0.0 4.9 85.2 94.4
15.369 1.0 0.1 0.0 4.9 85.1 94.5
15.472 1.0 0.1 -0.0 4.9 85.1 94.5
15.569 1.0 0.1 0.0 4.9 85.1 94.5
15.669 1.0 0.1 0.0 4.9 85.1 94.5
15.769 1.0 0.1 0.0 4.9 85.1 94.6
15.97 1.0 0.1 0.0 4.9 85.1 94.5
16.07 1.0 0.1 -0.0 4.9 85.2 94.4
16.17 1.0 0.1 -0.0 4.9 85.2 94.5
16.269 1.0 0.1 0.0 4.9 85.1 94.6
16.368 1.0 0.1 0.0 4.9 85.1 94.5
16.47 1.0 0.1 -0.0 4.9 85.2 94.4
16.568 1.0 0.1 0.0 4.9 85.1 94.6
16.668 1.0 0.1 0.0 4.9 85.1 94.6
16.769 1.0 0.1 -0.0 4.9 85.2 94.5
16.969 1.0 0.1 -0.0 4.9 85.2 94.5
17.069 1.0 0.1 -0.0 4.9 85.2 94.5
17.168 1.0 0.1 0.0 4.9 85.1 94.6
17.266 1.0 0.1 0.0 4.9 85.1 94.5
17.369 1.0 0.1 -0.0 4.9 85.1 94.5
17.469 1.0 0.1 -0.0 4.9 85.1 94.6
17.567 1.0 0.1 -0.0 5.0 85.1 94.9
17.669 1.0 0.1 0.0 5.0 85.0 95.2
17.767 1.0 0.1 0.0 5.1 85.0 95.4
17.968 1.0 0.1 -0.0 5.0 85.0 95.3
18.068 1.0 0.1 0.0 5.0 85.0 95.3
18.166 1.0 0.1 0.0 5.0 85.1 95.1
18.269 1.0 0.1 0.0 5.0 85.1 95.1
18.368 1.0 0.1 -0.0 5.0 85.1 94.9
18.467 1.0 0.1 0.0 5.0 85.0 95.0
18.566 1.0 0.1 0.0 5.1 85.0 95.1
18.668 1.0 0.1 0.0 5.0 85.0 95.1
18.766 1.0 0.1 0.0 5.0 85.1 95.1
18.965 1.0 0.1 0.0 4.9 85.1 95.2
19.066 1.0 0.1 0.0 4.9 85.1 95.2
19.165 1.0 0.1 -0.0 4.9 85.1 95.2
19.264 1.0 0.1 0.0 4.9 85.2 95.3
19.364 1.0 0.1 0.0 4.9 85.2 95.3
19.467 1.0 0.1 0.0 4.8 85.2 95.2
19.565 1.0 0.1 0.0 4.8 85.2 95.1
19.665 1.0 0.1 0.0 4.8 85.2 95.2
19.765 1.0 0.1 0.0 4.9 85.2 95.2
19.966 1.0 0.1 0.0 4.9 85.2 95.0
20.064 1.0 0.1 0.0 4.9 85.2 95.0
20.166 1.0 0.1 -0.0 4.9 85.2 95.0
20.263 1.0 0.1 0.0 4.9 85.1 95.1
20.365 1.0 0.1 0.0 4.9 85.1 95.2
20.465 1.0 0.1 0.0 4.9 85.2 95.2
20.563 1.0 0.1 0.0 4.9 85.2 95.2
20.664 1.0 0.1 -0.0 4.9 85.2 95.1
20.765 1.0 0.1 0.0 4.8 85.2 95.2
20.963 1.0 0.1 -0.0 4.9 85.1 95.2
21.062 1.0 0.1 0.0 4.9 85.1 95.3
21.162 1.0 0.1 0.0 4.9 85.2 95.0
21.263 1.0 0.1 0.0 4.9 85.2 95.1
21.362 1.0 0.1 0.0 4.9 85.2 95.1
21.464 1.0 0.1 -0.0 4.8 85.2 95.0
21.563 1.0 0.1 0.0 4.9 85.1 95.1
21.663 1.0 0.1 0.0 4.9 85.1 95.2
21.762 1.0 0.1 0.0 4.9 85.1 95.2
21.963 1.0 0.1 -0.0 5.0 85.1 95.3
22.062 1.0 0.1 -0.0 4.9 85.1 95.2
22.161 1.0 0.1 0.0 4.9 85.1 95.3
22.263 1.0 0.1 0.0 4.9 85.1 95.4
22.363 1.0 0.1 -0.0 4.9 85.2 95.4
22.463 1.0 0.1 0.0 4.9 85.1 95.6
22.56 1.0 0.1 0.0 4.8 85.2 95.3
22.663 1.0 0.1 -0.0 4.8 85.2 95.2
22.762 1.0 0.1 0.0 4.9 85.2 95.4
22.963 1.0 0.1 0.0 4.9 85.1 95.4
23.06 1.0 0.1 0.0 4.9 85.1 95.2
23.163 1.0 0.1 -0.0 5.1 84.9 95.2
23.26 1.0 -0.0 -0.0 4.9 85.0 96.6
23.361 1.0 0.1 0.1 5.4 84.4 98.9
23.46 1.0 0.1 0.0 4.9 85.0 97.1
23.559 1.0 0.1 0.0 4.7 85.3 96.3
23.659 1.0 0.0 -0.0 4.3 85.7 94.5
23.76 1.0 0.1 0.1 5.2 84.7 97.3
23.958 1.0 0.1 0.0 3.8 86.0 96.2
24.059 1.0 0.0 -0.0 3.9 85.8 97.1
24.16 1.0 0.1 0.1 4.1 85.5 97.9
24.26 1.1 0.0 -0.0 3.7 86.0 96.7
24.359 1.0 0.1 0.0 3.6 86.3 95.4
24.46 1.0 0.0 -0.0 3.8 86.3 93.5
24.557 0.9 0.0 0.1 3.2 86.8 93.1
24.661 1.1 0.1 -0.0 3.7 86.2 91.7
24.758 1.0 0.1 0.0 3.4 86.4 91.0
24.959 1.0 0.1 -0.1 4.4 84.4 88.0
25.058 1.0 0.1 -0.1 4.7 84.3 89.0
25.159 1.0 0.0 -0.0 4.5 84.3 88.3
25.258 1.0 0.1 -0.1 4.9 83.5 87.4
25.359 1.0 0.1 -0.0 4.2 84.8 89.1
25.456 1.0 0.1 -0.1 4.1 84.7 88.0
25.558 1.0 0.0 -0.1 3.6 84.8 86.7
25.658 1.0 -0.0 0.0 3.1 86.3 89.3
25.758 1.0 0.0 -0.0 3.8 85.9 90.4
25.959 1.0 0.1 0.0 4.2 85.8 93.3
26.057 1.0 0.1 0.0 4.4 85.6 93.5
26.158 1.0 0.1 0.0 4.4 85.6 93.4
26.257 1.0 0.1 -0.0 4.4 85.5 92.9
26.357 1.0 0.1 -0.0 4.4 85.5 92.7
26.456 1.0 0.1 -0.0 4.3 85.6 92.3
26.557 1.0 0.1 -0.0 4.6 85.3 92.7
26.656 1.0 0.1 -0.0 4.6 85.3 92.9
26.756 1.0 0.1 -0.0 4.7 85.2 93.0
26.958 1.0 0.0 -0.1 4.7 85.4 93.8
27.055 0.6 0.1 -0.1 7.7 76.5 117.0
27.157 0.6 -0.7 2.0 -10.1 13.6 146.0
27.261 -0.8 -0.4 0.7 -10.7 -0.5 142.7
27.355 0.5 0.0 0.9 0.1 35.7 148.8
27.456 0.7 0.2 0.2 9.8 66.4 136.5
27.557 2.0 0.8 -0.5 7.5 75.6 123.4
27.657 1.0 0.1 0.0 6.8 82.4 104.7
27.755 1.0 0.1 -0.1 6.1 83.9 96.3
27.955 1.0 0.1 0.0 5.0 85.0 96.9
28.054 1.0 0.1 0.0 5.1 84.9 96.8
28.156 1.0 0.1 0.0 5.1 84.8 97.1
28.255 1.0 0.1 0.0 4.8 85.2 96.4
28.353 1.0 0.1 -0.0 4.8 85.2 94.9
28.454 1.0 0.1 0.0 4.7 85.3 96.2
28.554 1.0 0.1 0.0 4.8 85.2 96.3
28.653 1.0 0.1 0.0 4.7 85.3 96.0
28.753 1.0 0.1 0.0 4.8 85.3 95.9
28.954 0.8 0.4 -0.5 6.2 79.7 111.2
29.056 -0.5 -0.2 1.1 -1.3 36.5 135.9
29.154 0.8 -0.8 0.5 -3.1 -3.6 135.7
29.254 0.1 0.0 1.1 -2.7 11.8 141.7
29.354 0.7 0.1 0.7 -1.7 38.6 144.6
29.454 0.9 -0.0 0.8 5.3 69.6 128.9
29.556 1.0 0.1 0.1 5.3 80.9 110.4
29.652 1.0 0.1 -0.1 4.4 85.7 94.1
29.754 1.0 0.1 -0.0 2.7 87.2 90.7
29.951 1.0 0.0 -0.0 2.5 87.3 89.6
30.053 1.0 0.0 0.0 2.2 87.7 90.6
30.153 1.0 0.1 -0.0 2.2 87.7 90.9
30.25 1.0 0.1 -0.0 2.2 87.8 91.3
30.351 1.0 0.0 -0.0 2.5 87.6 93.2
30.452 0.7 0.3 -0.3 4.2 78.5 115.0
30.552 0.2 -0.3 1.6 -2.3 21.3 142.3
30.653 -0.0 0.1 1.0 -2.7 -2.6 140.6
30.753 0.1 0.1 1.0 -0.8 3.7 143.2
30.95 0.5 -0.0 0.7 -1.4 42.9 145.2
31.051 1.0 0.1 0.3 1.6 73.4 128.4
31.151 1.0 0.0 -0.0 3.3 86.7 95.4
31.251 1.0 -0.0 -0.1 1.9 86.0 82.0
31.349 1.0 -0.0 0.0 1.0 88.7 88.5
31.451 1.0 0.0 0.1 1.0 88.2 95.5
31.55 1.0 0.0 0.1 0.9 87.6 97.3
31.651 1.0 -0.0 0.1 0.9 87.4 98.1
31.75 1.0 0.0 0.1 1.3 87.1 98.7
31.95 1.0 -0.0 0.1 0.8 87.5 97.9
32.052 1.0 0.0 0.1 1.2 87.4 98.3
32.149 1.0 0.0 0.0 1.2 87.6 97.5
32.25 1.0 0.0 0.0 0.8 88.0 96.4
32.35 1.0 0.0 0.0 0.8 87.7 97.1
32.448 1.0 0.0 0.0 1.1 87.5 97.6
32.548 1.0 0.0 0.0 1.1 87.9 96.3
32.648 1.0 0.0 0.0 1.1 88.1 95.6
32.75 1.0 0.0 0.0 0.9 87.9 96.4
32.947 1.0 0.0 0.0 0.8 88.0 96.2
33.047 1.0 0.0 0.1 0.8 88.0 96.2
33.148 1.0 0.1 -0.0 1.4 88.4 93.6
33.249 1.0 0.1 0.0 1.4 88.4 93.7
33.346 1.0 0.0 0.0 1.0 88.2 95.3
33.448 1.0 0.0 0.0 0.8 88.2 95.5
33.548 1.0 0.0 0.0 0.6 88.4 94.9
33.648 1.0 0.0 0.0 0.5 88.7 94.2
33.749 1.0 0.0 0.0 0.6 88.5 94.7
33.949 1.0 0.0 0.1 1.2 87.8 96.5
34.047 1.0 0.0 0.0 1.1 88.0 95.9
34.146 1.0 0.0 0.0 1.1 88.1 95.6
34.245 1.0 0.0 0.0 1.1 87.8 96.6
34.346 1.0 0.0 0.0 1.1 87.6 97.3
34.446 1.0 0.0 0.0 1.1 87.7 97.0
34.546 1.0 0.0 0.0 1.0 87.8 96.8
34.648 0.9 0.2 -0.1 1.8 83.5 108.1
34.748 0.5 -0.1 1.2 -4.5 42.0 145.0
34.95 -0.2 -0.1 1.1 -4.5 -6.4 138.0
35.047 0.3 -0.0 1.1 -1.1 18.7 142.9
35.146 0.8 0.0 0.6 4.0 56.4 136.8
35.247 0.5 0.1 0.1 4.8 79.5 113.8
35.349 1.0 0.2 -0.2 6.0 83.1 87.4
35.446 1.0 0.1 -0.2 4.9 80.6 75.3
35.547 1.0 0.0 -0.1 3.8 81.8 76.3
35.644 1.0 0.0 -0.0 3.2 84.1 81.4
35.745 1.0 0.1 -0.1 3.1 84.6 82.5
35.945 1.0 0.1 -0.1 3.1 84.8 83.2
36.045 1.0 0.1 -0.1 3.0 85.0 83.6
36.145 1.0 0.0 -0.1 2.9 85.2 83.7
36.247 1.0 0.1 -0.1 3.0 85.2 84.1
36.344 1.0 0.1 -0.1 3.0 85.4 84.5
36.444 1.0 0.0 -0.0 2.7 85.7 85.0
36.545 1.0 0.1 -0.1 3.1 85.0 83.9
36.646 1.0 0.0 -0.0 2.9 85.7 85.4
36.743 1.0 0.1 -0.0 2.8 86.1 86.3
36.945 1.2 -0.3 0.2 -15.2 73.4 90.2
37.045 0.6 -0.6 0.4 -38.5 44.5 87.0
37.145 0.6 -0.7 0.2 -44.1 39.9 75.6
37.245 0.7 -0.6 0.3 -42.4 43.2 73.6
37.342 0.8 -0.6 0.2 -38.8 48.6 72.2
37.443 0.9 -0.7 0.2 -35.2 53.2 72.2
37.543 0.9 -0.2 0.1 -18.8 71.2 71.4
37.644 1.0 0.1 -0.1 1.3 83.9 78.9
37.743 1.0 0.1 -0.0 8.5 81.1 92.8
37.945 1.0 0.2 -0.0 9.9 80.1 97.4
38.042 1.0 0.2 -0.1 8.8 80.9 93.3
38.143 1.0 0.1 -0.1 6.2 83.2 90.0
38.243 1.0 0.0 -0.0 4.8 84.7 90.0
38.342 1.0 0.1 0.0 5.2 84.6 91.7
38.44 1.0 0.1 -0.0 5.6 84.2 91.9
38.544 1.0 0.1 -0.0 5.6 84.2 92.6
38.643 1.0 0.1 -0.0 5.8 84.1 92.8
38.74 1.0 0.1 -0.0 5.7 84.2 93.0
38.942 0.9 0.1 0.2 4.1 76.7 117.4
39.042 0.7 -0.1 1.1 -3.4 28.5 144.8
39.143 0.2 -0.3 1.2 -4.2 -6.9 141.1
39.242 0.0 -0.2 1.1 -3.0 -1.8 142.7
39.342 0.3 -0.1 1.0 -2.4 27.4 143.9
39.44 0.7 0.0 0.5 -2.2 63.9 131.6
39.541 0.5 0.0 -0.0 0.6 83.9 104.5
39.639 1.1 0.1 -0.2 0.2 87.5 83.7
39.74 1.0 -0.0 -0.1 -1.0 84.6 75.3
39.941 1.0 -0.0 -0.1 -1.5 85.4 77.5
40.039 1.0 -0.1 -0.0 -1.7 86.1 79.4
40.14 1.0 -0.0 -0.0 -1.7 86.4 80.3
40.241 1.0 -0.0 -0.0 -1.5 86.6 80.9
40.339 1.0 0.0 -0.0 -1.0 86.9 81.9
40.439 1.0 -0.0 -0.1 -0.8 86.9 82.0
40.539 1.1 0.1 -0.1 0.0 90.0 90.2
40.64 0.6 -0.0 0.3 -1.2 70.7 125.2
40.741 0.3 -0.1 1.0 -11.3 19.9 141.8
40.942 -0.0 -0.2 1.0 -6.1 10.2 141.0
41.04 0.3 -0.1 1.0 -5.7 8.1 141.5
41.14 0.2 -0.1 0.9 -5.8 9.6 141.7
41.24 0.2 -0.1 1.0 -5.4 9.4 141.1
41.338 0.2 -0.1 1.0 -5.7 10.2 141.0
41.44 0.2 -0.1 1.0 -5.8 10.8 141.2
41.539 0.2 -0.1 1.0 -5.8 10.8 141.2
41.637 0.2 -0.2 1.1 -5.9 11.6 141.1
41.738 0.2 -0.1 0.9 -5.3 19.0 142.4
41.937 0.3 -0.1 1.0 -5.2 14.4 142.5
42.038 0.3 -0.1 1.1 -4.7 13.8 142.6
42.137 0.3 -0.1 1.0 -4.5 16.5 143.3
42.238 0.2 -0.1 1.0 -4.0 20.5 143.2
42.338 0.5 -0.1 1.0 -3.9 24.3 143.6
42.438 0.8 -0.1 0.9 -4.8 37.6 142.0
42.536 0.5 -0.0 0.4 -1.6 73.7 117.0
42.64 2.0 -0.2 -0.7 2.1 88.0 91.2
42.736 1.1 0.1 -0.3 2.2 81.6 73.5
42.936 1.0 0.0 -0.1 0.9 83.8 78.3
43.037 1.0 0.1 -0.1 1.4 83.7 78.6
43.136 1.0 0.0 -0.1 0.8 82.6 75.6
43.236 1.0 0.0 -0.2 1.3 81.2 73.3
43.334 1.0 0.0 -0.1 1.5 82.5 76.2
43.436 1.0 0.1 -0.1 2.0 83.0 77.9
43.534 1.0 0.0 -0.1 1.9 83.1 78.0
43.635 1.0 0.0 -0.1 1.7 83.4 78.5
43.737 1.0 0.2 -0.4 2.0 87.7 94.5
43.936 -0.1 0.4 0.5 -5.9 2.4 136.7
44.034 0.4 0.0 1.1 -1.5 15.0 138.9
44.134 0.3 -0.0 0.8 1.2 32.7 139.0
44.236 0.8 -0.0 0.9 1.2 33.9 140.3
44.334 0.6 -0.0 0.8 1.1 35.5 140.0
44.433 0.6 0.1 0.7 1.0 37.9 139.2
44.536 0.6 0.1 0.8 1.4 38.0 139.1
44.632 0.6 -0.1 0.9 1.2 35.2 139.3
44.735 0.6 -0.0 0.9 -1.0 29.4 139.5
44.934 0.2 -0.0 0.9 -1.3 24.5 140.3
45.035 0.3 -0.0 0.9 -1.7 23.4 140.3
45.136 0.4 0.0 1.0 -1.5 25.1 140.0
45.235 0.7 -0.0 0.9 -2.0 24.6 140.5
45.334 0.4 -0.1 0.9 -1.9 24.9 140.4
45.434 0.5 -0.0 0.9 -2.8 20.9 140.9
45.534 0.4 -0.1 0.9 -2.4 23.3 140.7
45.633 0.4 -0.0 0.9 -2.5 24.9 141.2
45.733 0.6 -0.0 0.9 -2.5 30.0 140.1
45.932 0.5 0.1 0.1 -0.2 80.6 106.0
46.032 1.0 -0.0 -0.1 -0.1 87.5 84.9
46.133 1.0 -0.0 -0.1 -0.8 85.8 81.2
46.241 1.0 0.0 -0.1 -0.9 85.5 80.7
46.33 1.0 0.0 -0.1 -0.2 85.2 80.7
46.433 1.0 0.0 -0.0 -0.2 86.4 82.9
46.535 1.0 -0.0 -0.0 -0.5 87.2 84.3
46.631 1.0 -0.0 -0.0 -0.5 87.2 84.1
46.731 1.0 -0.0 -0.0 -0.6 87.6 85.0
46.933 1.0 0.0 -0.0 -0.6 88.4 86.5
47.032 0.8 -0.0 -0.1 0.1 88.2 93.8
47.132 0.1 -0.1 1.3 0.0 46.2 137.5
47.232 1.4 -0.4 1.3 0.4 -20.9 136.1
47.332 -0.6 -0.2 1.2 1.8 -0.5 140.3
47.432 -0.1 -0.0 1.0 2.1 7.8 141.7
47.529 0.1 0.0 0.9 1.7 15.6 141.7
47.63 0.4 -0.0 1.0 3.0 20.4 141.6
47.73 0.3 0.1 0.8 2.5 23.5 141.1
47.931 -0.0 -0.1 1.0 0.9 22.0 140.0
48.031 0.9 0.2 0.9 -1.0 17.6 140.7
48.13 1.1 0.1 0.9 -1.9 15.9 140.9
48.23 -0.1 -0.3 1.1 0.7 24.7 139.9
48.33 0.4 -0.1 1.0 -0.1 28.3 139.6
48.43 0.8 -0.0 0.8 -1.0 40.7 135.7
48.53 0.7 0.0 0.5 -2.6 71.3 112.8
48.632 0.4 -0.0 -0.2 -1.7 79.3 72.9
48.729 0.9 0.1 -0.1 0.3 71.2 58.4
48.935 0.9 0.1 -0.4 2.6 67.4 57.9
49.03 1.0 0.0 -0.3 2.1 70.1 61.5
49.127 1.0 0.1 -0.3 1.5 72.4 63.9
49.226 1.0 0.0 -0.2 0.6 75.5 67.7
49.328 1.0 0.0 -0.2 0.7 76.8 69.6
49.428 1.0 0.0 -0.2 0.7 77.7 70.7
49.527 1.0 0.0 -0.2 0.7 77.3 70.5
49.629 1.0 0.0 -0.2 0.8 77.1 70.3
49.728 1.0 -0.0 -0.2 0.5 78.0 71.1
49.93 1.0 -0.0 -0.2 0.5 78.4 71.7
50.028 1.0 0.0 -0.2 0.8 79.1 73.1
50.127 1.0 0.3 -0.2 0.4 88.3 87.5
50.229 -0.0 -0.1 1.6 0.0 36.0 131.1
50.328 0.7 -0.3 1.2 4.6 -15.7 130.1
50.426 -0.2 -0.1 1.2 6.0 3.9 135.1
50.527 0.4 0.1 1.1 3.7 13.6 136.6
50.627 0.4 0.0 0.8 2.3 31.9 135.3
50.727 0.6 0.1 0.5 2.8 51.9 129.5
50.927 0.9 0.1 0.4 3.4 61.4 124.8
51.027 0.9 0.1 0.5 3.1 59.5 125.4
51.126 0.9 0.1 0.6 3.3 58.7 126.0
51.226 0.9 0.0 0.6 3.3 61.0 124.4
51.325 1.0 0.1 0.4 2.0 68.0 118.8
51.425 0.9 -0.1 0.3 0.7 80.4 103.4
51.524 1.1 0.1 -0.1 0.7 87.4 94.4
51.625 1.1 0.0 0.0 0.6 88.0 93.6
51.723 1.0 -0.0 0.2 0.0 85.1 97.3
51.927 1.0 -0.0 0.1 0.4 87.1 95.0
52.025 1.0 0.0 0.0 0.2 87.5 94.3
52.126 1.0 -0.0 0.1 0.0 87.0 94.9
52.225 1.0 -0.0 0.1 -0.0 86.9 95.0
52.323 1.0 0.0 0.0 0.2 87.7 94.0
52.424 1.0 -0.0 0.0 -0.3 88.3 92.6
52.525 1.0 0.0 0.0 -1.2 88.8 88.2
52.625 1.0 -0.0 -0.0 -1.3 87.7 85.4
52.726 1.0 -0.0 -0.0 -0.6 88.2 86.7
52.924 1.0 0.0 -0.0 1.7 87.4 88.4
53.025 1.0 -0.0 0.1 0.2 87.0 84.9
53.124 1.0 0.3 -0.2 -0.5 89.0 87.9
53.223 1.0 -0.0 -0.0 0.5 88.8 88.6
53.322 1.0 0.0 -0.0 0.9 88.1 88.0
53.424 1.0 -0.0 0.0 0.9 89.0 90.2
53.522 1.0 0.0 -0.0 1.5 88.5 91.2
53.622 1.0 0.0 0.0 1.8 88.2 91.4
53.721 1.0 0.0 0.0 1.9 88.1 91.6
53.921 1.0 0.0 -0.0 2.2 87.3 89.3
54.021 1.0 0.1 -0.0 2.8 86.4 88.8
54.123 1.0 0.0 -0.0 2.6 86.8 89.0
54.224 1.0 0.1 -0.0 1.6 88.1 90.0
54.322 1.0 0.1 0.1 1.3 88.4 93.1
54.423 1.0 -0.0 0.1 1.0 88.3 93.5
54.521 1.0 -0.0 -0.0 1.5 88.2 89.7
54.621 1.1 0.0 0.0 2.4 86.6 88.2
54.722 1.0 0.0 0.3 5.4 83.0 103.6
54.92 1.0 0.1 0.0 6.0 82.0 105.3
55.022 1.0 0.1 0.0 4.1 84.5 100.4
55.122 1.0 0.1 0.1 5.5 82.7 103.6
55.222 1.0 0.1 0.1 6.1 82.4 103.7
55.321 1.0 0.1 0.1 6.6 81.6 105.2
55.423 1.1 0.0 -0.0 5.4 83.7 100.8
55.521 1.0 0.1 0.1 6.7 82.1 103.8
55.62 1.0 0.1 0.1 6.1 83.1 101.7
55.72 1.0 0.1 0.0 5.4 84.1 99.6
55.919 1.0 0.1 0.1 7.3 81.9 103.4
56.02 1.0 0.1 0.0 7.2 82.1 102.6
56.119 1.0 0.1 0.1 7.6 81.7 103.4
56.219 1.0 0.2 0.1 8.2 81.0 104.7
56.319 1.0 0.2 0.1 8.5 80.7 104.9
