MPU6050 - 04/16/2018 23:52:20
0.045 -1.0 0.0 0.0 1.1 -88.7 -92.6 0.969
0.146 -1.0 0.0 0.0 1.1 -88.7 -92.6 0.971
0.246 -1.0 0.0 0.0 1.1 -88.7 -92.6 0.972
0.343 -1.0 0.0 0.0 1.1 -88.7 -92.7 0.970
0.445 -1.0 0.0 0.0 1.1 -88.7 -92.8 0.971
0.545 -1.0 0.0 0.0 1.0 -88.7 -92.8 0.967
0.644 -1.0 0.0 0.0 1.0 -88.7 -92.8 0.964
0.842 -1.0 0.0 0.0 1.1 -88.6 -92.8 0.973
0.944 -1.0 0.0 0.0 1.1 -88.6 -92.8 0.969
1.043 -1.0 0.0 0.0 1.2 -88.6 -92.8 0.971
1.146 -1.0 0.0 0.0 1.2 -88.6 -92.8 0.971
1.245 -1.0 0.0 0.0 1.1 -88.6 -92.9 0.969
1.345 -1.0 0.0 0.0 1.1 -88.6 -92.9 0.969
1.442 -1.0 0.0 0.0 1.1 -88.6 -92.9 0.971
1.544 -1.0 0.0 0.0 1.1 -88.6 -93.0 0.967
1.644 -1.0 0.0 0.0 1.1 -88.6 -93.0 0.969
1.843 -1.0 0.0 0.0 1.1 -88.6 -93.0 0.972
1.943 -1.0 0.0 0.0 1.2 -88.6 -92.7 0.958
2.041 -0.9 0.0 0.0 1.5 -88.5 -91.9 0.943
2.143 -0.9 0.1 -0.0 2.1 -87.5 -89.5 0.950
2.244 -0.9 0.0 -0.1 2.9 -84.9 -84.7 0.951
2.343 -1.0 0.0 -0.1 3.5 -81.3 -78.1 0.963
2.443 -1.0 0.1 -0.2 3.6 -76.9 -70.2 0.975
2.543 -0.9 0.1 -0.3 3.2 -72.4 -62.5 0.985
2.642 -0.9 0.0 -0.4 1.5 -68.9 -58.4 0.965
2.845 -0.9 -0.1 -0.4 -2.1 -64.9 -56.0 0.982
2.943 -0.9 -0.1 -0.4 -2.5 -64.4 -56.8 0.955
3.042 -0.9 -0.0 -0.4 -2.8 -64.1 -57.8 0.949
3.142 -0.8 -0.1 -0.4 -3.0 -63.9 -58.3 0.941
3.242 -0.9 -0.1 -0.4 -3.0 -63.7 -58.3 0.955
3.342 -0.9 -0.1 -0.4 -2.8 -63.8 -58.4 0.955
3.441 -0.9 -0.0 -0.4 -2.5 -64.1 -58.5 0.952
3.543 -0.9 -0.0 -0.4 -2.1 -64.3 -58.3 0.953
3.641 -0.9 -0.0 -0.4 -1.7 -64.6 -57.9 0.960
3.841 -0.9 -0.0 -0.4 -0.7 -65.6 -57.1 0.967
3.945 -0.9 -0.0 -0.4 -0.3 -66.1 -56.7 0.973
4.045 -0.9 -0.0 -0.4 0.2 -66.9 -56.6 0.976
4.142 -0.9 0.0 -0.4 0.9 -68.2 -57.0 0.975
4.24 -0.9 0.0 -0.4 1.1 -70.4 -59.8 0.986
4.343 -0.9 0.0 -0.3 1.1 -73.1 -63.6 0.980
4.439 -1.0 0.0 -0.2 1.2 -76.3 -68.3 0.976
4.54 -0.9 -0.0 -0.2 1.2 -79.7 -73.5 0.956
4.64 -0.9 0.0 -0.1 1.1 -82.6 -78.5 0.956
4.842 -1.0 0.0 -0.0 1.1 -87.0 -86.1 0.966
4.94 -1.0 -0.0 -0.0 0.8 -88.5 -88.5 0.971
5.04 -1.0 -0.0 -0.0 0.4 -89.6 -89.9 0.954
5.139 -1.0 -0.0 -0.0 0.0 -89.8 -90.6 0.969
5.24 -1.0 -0.0 0.0 -0.1 -89.6 -90.8 0.967
5.34 -1.0 0.0 0.0 0.0 -89.6 -90.8 0.973
5.441 -1.0 0.0 0.0 0.2 -89.6 -90.9 0.962
5.538 -1.0 0.0 0.0 0.4 -89.6 -90.7 0.966
5.639 -1.0 0.0 -0.0 0.4 -89.6 -90.5 0.975
5.839 -1.0 0.0 -0.0 0.5 -89.5 -90.3 0.978
5.941 -1.0 0.0 -0.0 0.5 -89.5 -90.3 0.971
6.039 -1.0 0.0 0.0 0.5 -89.5 -90.2 0.967
6.14 -1.0 0.0 -0.0 0.6 -89.4 -90.2 0.968
6.238 -1.0 0.0 -0.0 0.7 -89.3 -90.1 0.966
6.338 -1.0 0.0 -0.0 0.8 -89.2 -90.0 0.972
6.438 -1.0 0.0 -0.0 0.8 -89.1 -89.9 0.968
6.537 -1.0 0.0 -0.0 0.9 -88.9 -89.8 0.973
6.638 -1.0 0.0 -0.0 0.9 -88.9 -89.7 0.971
6.837 -1.0 0.0 -0.0 1.0 -88.7 -89.6 0.972
6.938 -1.0 0.0 -0.0 1.1 -88.6 -89.5 0.971
7.039 -1.0 0.0 -0.0 1.1 -88.5 -89.4 0.967
7.138 -1.0 0.0 -0.0 1.2 -88.4 -89.3 0.973
7.238 -1.0 0.0 -0.0 1.3 -88.2 -89.2 0.973
7.34 -1.0 0.0 -0.0 1.4 -88.2 -89.2 0.971
7.439 -1.0 0.0 -0.0 1.5 -88.0 -89.3 0.975
7.537 -1.0 0.0 -0.0 1.6 -87.9 -89.2 0.977
7.639 -1.0 0.0 -0.0 1.6 -87.9 -89.2 0.972
7.839 -1.0 0.0 -0.0 1.8 -87.7 -89.1 0.971
7.936 -1.0 0.0 -0.0 1.8 -87.7 -89.1 0.968
8.035 -1.0 0.0 -0.0 1.8 -87.6 -89.0 0.974
8.136 -1.0 0.0 -0.0 1.8 -87.6 -89.0 0.973
8.235 -1.0 0.0 -0.0 1.8 -87.6 -89.0 0.971
8.336 -1.0 0.0 -0.0 1.9 -87.5 -89.0 0.970
8.436 -1.0 0.0 -0.0 1.9 -87.5 -89.0 0.969
8.535 -1.0 0.0 -0.0 2.0 -87.4 -89.0 0.971
8.638 -1.0 0.0 -0.0 2.0 -87.4 -89.0 0.968
8.835 -1.0 0.0 -0.0 2.1 -87.3 -89.0 0.966
8.935 -1.0 0.0 -0.0 2.1 -87.3 -89.0 0.969
9.036 -1.0 0.0 -0.0 2.1 -87.3 -89.0 0.973
9.136 -1.0 0.0 -0.0 2.1 -87.3 -89.1 0.969
9.235 -1.0 0.0 -0.0 2.1 -87.3 -89.1 0.970
9.336 -1.0 0.0 -0.0 2.1 -87.3 -89.1 0.969
9.435 -1.0 0.0 -0.0 2.1 -87.2 -89.0 0.972
9.537 -1.0 0.0 -0.0 2.1 -87.2 -88.9 0.968
9.635 -1.0 0.0 -0.0 2.1 -87.2 -88.8 0.971
9.834 -1.0 0.0 -0.0 2.2 -87.1 -88.8 0.970
9.935 -1.0 0.0 -0.0 2.2 -87.1 -88.8 0.970
10.036 -1.0 0.0 -0.0 2.2 -87.1 -88.8 0.967
10.136 -1.0 0.0 -0.0 2.2 -87.1 -88.8 0.969
10.232 -1.0 0.0 -0.0 2.2 -87.1 -88.8 0.970
10.333 -1.0 0.0 -0.0 2.2 -87.0 -88.8 0.971
10.432 -1.0 0.0 -0.0 2.3 -87.0 -88.8 0.972
10.533 -1.0 0.0 -0.0 2.4 -86.9 -88.8 0.972
10.633 -1.0 0.0 -0.0 2.4 -86.8 -88.8 0.971
10.835 -1.0 0.0 -0.0 2.5 -86.7 -88.6 0.970
10.934 -1.0 0.0 -0.0 2.5 -86.7 -88.7 0.972
11.035 -1.0 0.0 -0.0 2.5 -86.7 -88.7 0.970
11.135 -1.0 0.0 -0.0 2.5 -86.7 -88.7 0.969
11.235 -1.0 0.0 -0.0 2.5 -86.7 -88.6 0.974
11.334 -1.0 0.0 -0.0 2.5 -86.7 -88.6 0.973
11.432 -1.0 0.0 -0.0 2.5 -86.7 -88.7 0.970
11.536 -1.0 0.0 -0.0 2.5 -86.7 -88.7 0.970
11.634 -1.0 0.0 -0.0 2.5 -86.6 -88.7 0.971
11.833 -1.0 0.0 -0.0 2.6 -86.6 -88.7 0.969
11.93 -1.0 0.0 -0.0 2.6 -86.6 -88.7 0.970
12.031 -1.0 0.0 -0.0 2.6 -86.6 -88.8 0.968
12.146 -1.0 0.0 -0.0 2.6 -86.6 -88.7 0.972
12.232 -1.0 0.0 -0.0 2.6 -86.6 -88.6 0.971
12.333 -1.0 0.0 -0.0 2.6 -86.5 -88.5 0.970
12.431 -1.0 0.0 -0.0 2.6 -86.5 -88.4 0.972
12.53 -1.0 0.0 -0.0 2.6 -86.5 -88.4 0.971
12.63 -1.0 0.0 -0.0 2.6 -86.4 -88.3 0.975
12.831 -1.0 0.0 -0.0 2.6 -86.5 -88.4 0.971
12.933 -1.0 0.0 -0.0 2.6 -86.4 -88.4 0.971
13.031 -1.0 0.0 -0.0 2.7 -86.4 -88.4 0.973
13.133 -1.0 0.0 -0.0 2.7 -86.3 -88.4 0.971
13.229 -1.0 0.1 -0.0 2.7 -86.3 -88.3 0.973
13.331 -1.0 0.0 -0.0 2.8 -86.2 -88.3 0.975
13.433 -1.0 0.1 -0.0 2.8 -86.2 -88.3 0.972
13.53 -1.0 0.1 -0.1 2.8 -86.1 -88.2 0.971
13.628 -1.0 0.1 -0.0 2.8 -86.1 -88.2 0.966
13.829 -1.0 0.1 -0.0 2.9 -86.1 -88.2 0.966
13.928 -1.0 0.1 -0.0 2.9 -86.0 -88.3 0.970
14.032 -1.0 0.1 -0.0 2.9 -86.0 -88.3 0.967
14.131 -1.0 0.1 -0.0 2.9 -86.0 -88.2 0.968
14.23 -1.0 0.1 -0.0 2.9 -86.0 -88.2 0.970
14.33 -1.0 0.0 -0.0 3.0 -86.0 -88.2 0.975
14.433 -1.0 0.1 -0.0 3.0 -86.0 -88.1 0.971
14.528 -1.0 0.1 -0.0 3.0 -85.9 -88.1 0.969
14.631 -1.0 0.1 -0.0 3.0 -85.9 -88.1 0.970
14.829 -1.0 0.1 -0.0 3.0 -86.0 -88.3 0.968
14.929 -1.0 0.1 -0.0 3.0 -86.0 -88.4 0.968
15.029 -1.0 0.1 -0.0 3.0 -86.0 -88.5 0.968
15.129 -1.0 0.1 -0.0 3.0 -86.0 -88.5 0.967
15.229 -1.0 0.1 -0.0 3.0 -86.0 -88.4 0.971
15.329 -1.0 0.1 -0.0 3.0 -86.0 -88.4 0.971
15.43 -1.0 0.1 -0.0 3.0 -86.0 -88.4 0.971
15.531 -1.0 0.1 -0.0 2.9 -86.0 -88.3 0.967
15.628 -1.0 0.0 -0.0 2.9 -86.0 -88.3 0.969
15.83 -1.0 0.1 -0.0 2.9 -86.0 -88.2 0.970
15.926 -1.0 0.1 -0.0 2.9 -86.0 -88.1 0.968
16.03 -1.0 0.1 -0.1 2.9 -86.0 -88.1 0.975
16.13 -1.0 0.1 -0.1 2.8 -86.1 -88.0 0.974
16.23 -1.0 0.0 -0.0 2.7 -86.1 -87.8 0.966
16.328 -1.0 0.0 -0.0 2.7 -86.1 -87.8 0.972
16.428 -1.0 0.0 -0.0 2.7 -86.1 -87.8 0.969
16.527 -1.0 0.1 -0.0 2.8 -86.1 -87.9 0.969
16.627 -1.0 0.1 -0.0 2.8 -85.9 -87.6 0.962
16.827 -0.9 0.1 -0.1 3.1 -82.5 -80.7 0.920
16.927 -1.0 -0.1 -0.2 3.4 -78.0 -70.7 1.001
17.029 -1.0 -0.0 -0.3 2.2 -73.0 -59.4 0.999
17.128 -0.9 0.0 -0.4 0.5 -67.5 -49.3 0.979
17.226 -0.8 0.0 -0.5 -2.2 -62.8 -45.9 0.954
17.326 -0.8 -0.1 -0.5 -5.0 -59.3 -45.0 0.943
17.428 -0.8 -0.1 -0.6 -5.0 -56.7 -42.3 0.973
17.529 -0.8 -0.1 -0.6 -5.7 -55.2 -42.2 0.950
17.633 -0.8 -0.1 -0.6 -6.3 -54.1 -42.0 0.960
17.826 -0.8 -0.1 -0.5 -6.4 -54.0 -42.1 0.951
17.928 -0.8 -0.1 -0.6 -5.8 -54.2 -41.4 0.953
18.025 -0.8 -0.1 -0.6 -5.3 -54.5 -40.9 0.960
18.128 -0.8 -0.1 -0.6 -4.9 -55.0 -40.6 0.968
18.227 -0.8 -0.1 -0.5 -4.5 -55.9 -40.7 0.970
18.328 -0.8 -0.1 -0.5 -3.8 -57.4 -41.1 0.978
18.428 -0.8 -0.1 -0.5 -3.9 -60.0 -43.1 0.981
18.529 -0.9 -0.0 -0.5 -3.8 -63.4 -47.9 0.979
18.626 -0.9 -0.0 -0.4 -3.6 -67.1 -53.6 0.974
18.826 -0.9 -0.0 -0.2 -2.3 -76.1 -66.8 0.973
18.93 -0.9 -0.0 -0.1 -1.7 -80.4 -73.1 0.950
19.025 -0.9 -0.0 -0.1 -1.0 -84.2 -79.4 0.946
19.125 -0.9 0.0 -0.0 -0.2 -86.9 -84.5 0.936
19.226 -1.0 0.0 -0.0 0.5 -88.5 -88.0 0.967
19.326 -1.0 0.0 0.0 0.8 -89.1 -90.2 0.968
19.423 -1.0 0.0 0.0 1.0 -89.0 -91.4 0.958
19.523 -1.0 0.0 0.0 1.1 -88.8 -91.9 0.970
19.624 -1.0 0.0 0.0 1.2 -88.8 -91.9 0.968
19.824 -1.0 0.0 0.0 1.2 -88.8 -91.6 0.972
19.925 -1.0 0.0 0.0 1.3 -88.8 -91.6 0.968
20.025 -1.0 0.0 -0.0 1.3 -88.7 -91.8 0.967
20.126 -1.0 0.0 0.0 1.3 -88.7 -91.9 0.974
20.224 -1.0 0.0 0.0 1.2 -88.7 -92.1 0.968
20.323 -1.0 0.0 0.0 1.2 -88.7 -92.1 0.974
20.421 -1.0 0.0 0.0 1.2 -88.7 -92.2 0.967
20.522 -1.0 0.0 0.0 1.3 -88.7 -92.2 0.969
20.626 -1.0 0.0 0.0 1.3 -88.6 -92.3 0.967
20.822 -1.0 0.0 0.0 1.4 -88.5 -92.2 0.975
20.924 -1.0 0.0 0.0 1.4 -88.6 -92.1 0.969
21.021 -1.0 0.0 0.0 1.5 -88.6 -92.1 0.968
21.125 -1.0 0.0 0.0 1.5 -88.6 -91.9 0.973
21.224 -1.0 0.0 0.0 1.4 -88.6 -91.7 0.972
21.322 -1.0 0.0 -0.0 1.4 -88.6 -91.7 0.970
21.424 -1.0 0.0 0.0 1.4 -88.6 -91.8 0.973
21.521 -1.0 0.0 0.0 1.4 -88.6 -91.8 0.971
21.625 -1.0 0.0 0.0 1.4 -88.6 -91.9 0.967
21.827 -0.9 0.0 0.0 1.3 -88.7 -91.5 0.946
21.92 -1.0 0.0 0.0 1.6 -88.4 -90.8 0.955
22.027 -0.9 0.0 -0.0 1.8 -86.8 -87.1 0.932
22.121 -0.9 0.0 -0.1 1.9 -83.2 -80.1 0.948
22.223 -1.0 -0.0 -0.2 1.6 -78.0 -70.9 0.976
22.323 -0.9 -0.0 -0.3 0.3 -72.2 -60.8 1.000
22.42 -0.9 0.0 -0.4 -0.9 -66.4 -52.2 0.969
22.521 -0.8 -0.1 -0.5 -3.6 -63.5 -50.5 0.954
22.621 -0.9 -0.1 -0.4 -6.2 -61.7 -50.1 0.997
22.821 -0.8 -0.2 -0.5 -9.2 -56.7 -46.8 0.963
22.922 -0.8 -0.2 -0.5 -9.2 -54.9 -45.1 0.958
23.023 -0.8 -0.2 -0.6 -9.1 -53.5 -43.5 0.958
23.123 -0.8 -0.2 -0.6 -8.9 -53.4 -43.2 0.954
23.222 -0.8 -0.1 -0.6 -8.7 -53.7 -43.0 0.961
23.323 -0.8 -0.1 -0.6 -8.3 -54.0 -42.8 0.964
23.42 -0.8 -0.1 -0.6 -7.8 -54.4 -42.6 0.968
23.521 -0.8 -0.1 -0.6 -6.6 -55.5 -42.6 0.980
23.623 -0.8 -0.1 -0.5 -5.3 -57.7 -43.4 0.986
23.822 -0.9 -0.1 -0.4 -3.1 -64.3 -49.8 0.977
23.919 -0.9 -0.0 -0.4 -2.3 -68.4 -55.0 0.974
24.02 -0.9 -0.0 -0.3 -1.0 -73.0 -61.8 0.992
24.118 -0.9 0.0 -0.2 0.4 -77.6 -69.5 0.966
24.217 -0.9 0.0 -0.1 1.7 -81.6 -77.2 0.936
24.321 -0.9 0.0 -0.0 2.3 -84.5 -83.4 0.951
24.42 -0.9 0.0 -0.1 2.6 -86.4 -88.1 0.946
24.522 -1.0 0.0 -0.0 3.3 -86.6 -91.4 0.966
24.623 -1.0 0.1 0.0 3.7 -86.3 -93.4 0.972
24.822 -1.0 0.1 0.0 4.7 -85.3 -95.9 0.963
24.918 -1.0 0.1 0.0 5.2 -84.8 -96.6 0.965
25.018 -1.0 0.1 0.0 5.6 -84.3 -97.3 0.968
25.118 -1.0 0.1 0.0 6.1 -83.8 -97.9 0.969
25.22 -1.0 0.1 0.0 6.8 -83.2 -98.6 0.964
25.321 -1.0 0.1 0.0 8.0 -82.0 -99.9 0.998
25.418 -0.9 0.2 0.0 9.6 -80.3 -102.3 0.918
25.519 -1.0 0.1 0.0 10.9 -79.1 -102.3 0.985
25.623 -1.0 0.2 0.0 10.7 -79.4 -101.0 0.985
25.819 -1.0 0.2 0.0 11.7 -78.3 -102.5 0.975
25.919 -1.0 0.1 -0.0 12.0 -78.0 -102.2 1.043
26.017 -1.0 0.2 -0.1 11.0 -79.0 -100.0 0.987
26.117 -1.0 0.2 -0.1 10.6 -79.3 -98.4 0.986
26.217 -1.0 0.2 -0.1 10.7 -79.2 -98.4 0.997
26.326 -1.0 0.1 -0.0 10.7 -79.3 -98.6 1.040
26.419 -1.0 0.1 -0.1 10.4 -79.6 -98.7 0.993
26.517 -1.0 0.2 -0.0 10.4 -79.5 -98.2 0.973
26.621 -1.0 0.2 -0.0 11.5 -78.5 -99.1 0.972
26.819 -0.9 0.2 -0.1 14.9 -75.0 -101.5 0.974
26.918 -0.9 0.3 -0.1 17.2 -72.6 -103.0 0.990
27.017 -0.9 0.4 -0.0 19.7 -70.2 -105.3 1.000
27.115 -0.9 0.4 -0.0 21.6 -68.3 -107.8 0.998
27.217 -0.9 0.4 -0.1 22.6 -67.4 -109.8 0.991
27.315 -0.9 0.4 -0.0 22.7 -67.3 -111.8 0.982
27.418 -0.9 0.3 0.0 22.8 -67.2 -114.9 0.945
27.516 -0.9 0.4 0.0 23.4 -66.5 -118.8 0.942
27.621 -0.9 0.4 0.1 24.2 -65.5 -122.2 0.969
27.819 -0.9 0.4 0.1 24.6 -65.0 -124.5 0.991
27.916 -0.9 0.4 0.1 24.8 -64.6 -125.7 0.968
28.014 -0.9 0.4 0.1 25.5 -63.9 -127.6 0.974
28.116 -0.9 0.4 0.1 26.4 -62.8 -129.9 0.962
28.216 -0.9 0.4 0.1 26.6 -62.7 -130.1 0.980
28.319 -0.8 0.4 0.1 26.0 -63.3 -128.2 0.949
28.415 -0.9 0.4 0.1 25.2 -64.4 -124.9 0.974
28.517 -0.9 0.4 0.1 24.1 -65.7 -120.7 0.990
28.615 -0.9 0.4 0.0 23.7 -66.2 -118.1 0.984
28.816 -0.9 0.4 0.0 24.0 -66.0 -117.5 0.977
28.918 -0.9 0.4 0.0 24.2 -65.7 -117.8 0.977
29.015 -0.9 0.4 0.0 24.5 -65.4 -118.2 0.973
29.117 -0.9 0.4 0.0 24.5 -65.4 -118.3 0.975
29.214 -0.9 0.4 0.0 24.4 -65.6 -118.1 0.969
29.314 -0.9 0.4 0.0 24.3 -65.7 -118.2 0.968
29.418 -0.9 0.4 0.0 24.4 -65.6 -118.4 0.966
29.515 -0.9 0.4 0.0 24.4 -65.5 -118.4 0.965
29.616 -0.9 0.4 0.0 24.5 -65.5 -118.2 0.968
29.814 -0.9 0.4 0.0 24.5 -65.5 -118.3 0.966
29.914 -0.9 0.4 0.0 24.4 -65.6 -117.8 0.978
30.015 -0.9 0.4 0.0 24.4 -65.6 -117.8 0.985
30.115 -0.9 0.4 0.0 24.5 -65.5 -118.0 0.959
30.215 -0.9 0.4 0.0 24.4 -65.5 -117.7 0.986
30.317 -0.9 0.4 0.0 24.5 -65.4 -118.2 0.976
30.415 -0.9 0.4 0.0 24.4 -65.5 -117.8 0.965
30.517 -0.9 0.4 0.0 24.4 -65.6 -117.6 0.993
30.611 -0.9 0.4 0.0 24.6 -65.4 -118.1 0.946
30.815 -0.9 0.4 0.0 24.5 -65.5 -117.7 0.978
30.914 -0.9 0.4 0.0 24.4 -65.6 -117.3 0.944
31.013 -0.9 0.4 0.0 24.5 -65.5 -117.0 0.996
31.113 -0.8 0.4 0.0 24.7 -65.3 -118.0 0.942
31.211 -0.9 0.4 0.0 24.5 -65.5 -117.1 0.995
31.313 -0.9 0.4 0.0 24.6 -65.4 -117.2 0.996
31.413 -0.9 0.4 -0.0 24.7 -65.3 -117.4 0.930
31.518 -0.9 0.4 0.0 24.6 -65.5 -116.1 0.975
31.61 -0.8 0.4 0.0 24.7 -65.3 -116.0 0.953
31.812 -0.9 0.4 -0.0 24.4 -65.6 -113.7 1.005
31.91 -0.9 0.5 -0.0 24.6 -65.4 -114.3 0.978
32.03 -0.9 0.4 -0.0 24.2 -65.9 -113.5 0.970
32.112 -0.9 0.4 0.0 24.0 -66.0 -113.3 0.994
32.213 -0.9 0.4 -0.0 24.6 -65.5 -114.0 0.964
32.313 -0.9 0.4 -0.0 24.6 -65.5 -113.5 1.020
32.411 -0.9 0.5 -0.0 24.8 -65.2 -114.2 0.966
32.511 -0.9 0.4 -0.0 24.9 -65.1 -113.6 0.964
32.612 -0.9 0.4 -0.0 24.7 -65.4 -112.6 1.010
32.816 -0.9 0.4 -0.0 24.1 -65.9 -112.0 0.953
32.91 -0.9 0.4 0.0 24.4 -65.7 -112.2 0.990
33.015 -0.8 0.4 -0.0 24.8 -65.2 -112.6 0.929
33.11 -0.9 0.4 -0.0 25.0 -65.0 -112.0 0.968
33.209 -0.9 0.4 -0.0 24.8 -65.2 -111.3 0.962
33.312 -0.9 0.4 -0.1 24.1 -65.8 -109.4 0.950
33.41 -0.9 0.4 -0.0 24.0 -65.8 -108.3 0.981
33.515 -0.9 0.4 -0.1 24.2 -65.5 -107.7 0.986
33.61 -0.9 0.4 -0.1 24.4 -65.2 -107.4 0.982
33.809 -0.9 0.4 -0.1 24.8 -64.9 -107.6 0.975
33.912 -0.9 0.4 -0.1 24.8 -64.9 -107.9 0.972
34.009 -0.9 0.4 -0.1 24.8 -64.9 -108.1 0.966
34.11 -0.9 0.4 -0.1 24.7 -65.0 -108.2 0.973
34.208 -0.9 0.4 -0.1 24.6 -65.1 -108.2 0.961
34.309 -0.9 0.4 -0.1 24.6 -65.1 -108.2 0.970
34.409 -0.9 0.4 -0.1 24.6 -65.1 -108.2 0.970
34.508 -0.9 0.4 -0.1 24.7 -65.0 -108.3 0.972
34.607 -0.9 0.4 -0.1 24.7 -65.0 -108.3 0.972
