MPU6050 - 04/16/2018 23:49:35
0.069 -1.0 0.0 -0.0 1.2 -88.6 -89.5 0.961
0.168 -1.0 0.0 -0.0 1.3 -88.6 -89.8 0.965
0.369 -1.0 0.0 0.0 1.3 -88.7 -91.1 0.962
0.468 -1.0 -0.0 0.0 1.1 -88.9 -91.4 0.968
0.568 -1.0 0.0 -0.0 1.3 -88.7 -91.8 0.967
0.671 -1.0 0.0 0.0 1.5 -88.5 -92.2 0.976
0.768 -1.0 0.0 0.0 1.6 -88.4 -92.7 0.967
0.871 -1.0 0.0 0.0 1.7 -88.2 -93.1 0.965
0.968 -1.0 0.0 0.0 1.9 -88.1 -93.4 0.967
1.068 -1.0 0.0 0.0 2.0 -87.9 -93.7 0.968
1.168 -1.0 0.0 0.0 2.1 -87.8 -93.8 0.975
1.366 -1.0 0.0 0.0 2.2 -87.7 -93.7 0.973
1.466 -1.0 0.0 0.0 2.2 -87.7 -93.7 0.972
1.567 -1.0 0.0 0.0 2.3 -87.7 -93.7 0.969
1.666 -1.0 0.0 0.0 2.3 -87.7 -93.7 0.969
1.767 -1.0 0.0 0.0 2.2 -87.7 -93.7 0.968
1.866 -1.0 0.0 0.0 2.2 -87.8 -93.5 0.968
1.967 -1.0 0.0 0.0 2.2 -87.8 -93.5 0.973
2.067 -1.0 0.0 0.0 2.2 -87.8 -93.5 0.967
2.168 -1.0 0.0 0.0 2.2 -87.8 -93.4 0.969
2.365 -1.0 0.0 0.0 2.3 -87.8 -93.2 0.967
2.467 -1.0 0.0 0.0 2.3 -87.7 -93.1 0.970
2.565 -1.0 0.0 0.0 2.3 -87.7 -93.1 0.970
2.668 -1.0 0.0 0.0 2.4 -87.7 -93.0 0.971
2.765 -1.0 0.0 0.0 2.4 -87.7 -92.8 0.973
2.864 -1.0 0.0 0.0 2.4 -87.7 -92.6 0.972
2.964 -1.0 0.0 -0.0 2.4 -87.6 -92.7 0.969
3.067 -1.0 0.0 0.0 2.5 -87.5 -92.8 0.972
3.164 -1.0 0.1 0.0 2.6 -87.5 -93.0 0.969
3.365 -1.0 0.1 -0.0 2.7 -87.4 -92.9 0.968
3.465 -1.0 0.0 -0.0 2.7 -87.3 -92.8 0.968
3.565 -1.0 0.0 -0.0 2.7 -87.4 -92.8 0.973
3.667 -1.0 0.1 -0.0 2.7 -87.4 -92.8 0.966
3.767 -1.0 0.0 -0.0 2.7 -87.4 -92.9 0.970
3.863 -1.0 0.0 -0.0 2.7 -87.3 -92.9 0.974
3.966 -1.0 0.0 -0.0 2.7 -87.4 -92.9 0.967
4.064 -1.0 0.1 0.0 2.7 -87.3 -92.9 0.967
4.162 -1.0 0.1 0.0 2.8 -87.2 -92.9 0.971
4.364 -1.0 0.0 -0.0 2.8 -87.3 -92.8 0.968
4.462 -1.0 0.0 0.0 2.7 -87.4 -92.9 0.966
4.564 -1.0 0.0 0.0 2.6 -87.4 -93.0 0.970
4.663 -1.0 0.0 0.0 2.6 -87.5 -93.1 0.968
4.766 -1.0 0.0 0.0 2.5 -87.5 -93.2 0.970
4.863 -1.0 0.0 0.0 2.5 -87.5 -93.2 0.971
4.963 -1.0 0.0 0.0 2.5 -87.5 -93.2 0.966
5.061 -1.0 0.0 0.0 2.5 -87.5 -93.2 0.968
5.165 -1.0 0.0 0.0 2.6 -87.5 -93.2 0.968
5.366 -1.0 0.1 0.0 2.6 -87.4 -93.3 0.972
5.462 -1.0 0.0 0.0 2.6 -87.4 -93.3 0.968
5.563 -1.0 0.0 0.0 2.6 -87.4 -93.3 0.967
5.662 -1.0 0.0 0.0 2.7 -87.4 -93.4 0.968
5.762 -1.0 0.0 0.0 2.7 -87.3 -93.4 0.968
5.863 -1.0 0.0 0.0 2.7 -87.3 -93.4 0.972
5.963 -1.0 0.1 0.0 2.7 -87.3 -93.4 0.969
6.061 -1.0 0.1 0.0 2.7 -87.3 -93.5 0.970
6.162 -1.0 0.0 0.0 2.6 -87.5 -93.3 0.954
6.361 -1.0 0.1 0.0 2.5 -87.5 -93.0 0.971
6.46 -1.0 0.0 0.0 2.6 -87.5 -93.1 0.970
6.561 -1.0 0.0 0.0 2.6 -87.5 -93.1 0.971
6.663 -1.0 0.0 0.0 2.6 -87.5 -93.2 0.970
6.761 -1.0 0.0 0.0 2.6 -87.4 -93.3 0.968
6.861 -1.0 0.0 0.0 2.6 -87.4 -93.4 0.968
6.96 -1.0 0.1 0.0 2.6 -87.4 -93.4 0.970
7.06 -1.0 0.0 0.0 2.6 -87.4 -93.5 0.970
7.163 -1.0 0.0 0.0 2.6 -87.5 -93.4 0.970
7.359 -1.0 0.0 0.0 2.5 -87.5 -93.5 0.970
7.459 -1.0 0.0 0.0 2.5 -87.5 -93.4 0.971
7.56 -1.0 0.0 0.0 2.4 -87.6 -93.4 0.972
7.661 -1.0 0.0 0.0 2.3 -87.7 -93.4 0.966
7.761 -1.0 0.0 0.0 2.4 -87.7 -93.5 0.971
7.862 -1.0 0.0 0.0 2.4 -87.6 -93.5 0.969
7.958 -1.0 0.0 0.0 2.4 -87.6 -93.5 0.970
8.06 -1.0 0.0 0.0 2.5 -87.5 -93.5 0.971
8.16 -1.0 0.0 0.0 2.5 -87.5 -93.5 0.972
8.36 -1.0 0.0 0.0 2.5 -87.5 -93.5 0.967
8.458 -1.0 0.0 0.0 2.6 -87.4 -93.6 0.967
8.562 -1.0 0.1 -0.0 2.6 -87.4 -93.8 0.982
8.662 -1.0 0.0 0.0 2.6 -87.3 -95.0 0.980
8.759 -1.0 0.1 0.1 2.8 -86.4 -98.9 1.026
8.86 -1.0 0.0 0.1 2.4 -84.6 -104.6 0.965
8.959 -1.0 0.1 0.1 1.6 -81.3 -112.4 1.012
9.062 -1.0 -0.0 0.2 -0.3 -77.2 -119.7 0.992
9.16 -0.9 -0.0 0.3 -2.1 -72.8 -125.2 0.930
9.36 -0.8 -0.1 0.4 -5.1 -65.8 -132.4 0.956
9.458 -0.9 -0.1 0.4 -6.2 -63.3 -133.8 0.996
9.57 -0.8 -0.1 0.5 -6.8 -60.6 -136.9 0.972
9.66 -0.8 -0.1 0.5 -7.2 -58.4 -140.1 0.940
9.759 -0.8 -0.2 0.5 -7.7 -57.4 -142.1 0.983
9.859 -0.8 -0.2 0.5 -8.4 -57.0 -143.6 0.966
9.962 -0.8 -0.2 0.5 -8.7 -56.6 -143.9 0.979
10.061 -0.8 -0.2 0.5 -8.6 -56.0 -143.5 0.982
10.157 -0.8 -0.2 0.5 -8.8 -55.4 -143.1 0.988
10.363 -0.8 -0.2 0.5 -10.1 -55.2 -142.3 0.957
10.458 -0.8 -0.2 0.5 -10.5 -55.1 -142.4 0.992
10.559 -0.8 -0.2 0.5 -11.0 -54.8 -142.5 0.984
10.658 -0.8 -0.2 0.5 -11.7 -54.5 -142.0 0.993
10.76 -0.8 -0.2 0.5 -12.3 -54.3 -141.6 0.977
10.86 -0.8 -0.2 0.5 -12.8 -53.9 -141.3 0.981
10.959 -0.8 -0.2 0.5 -13.1 -53.5 -141.2 0.986
11.059 -0.8 -0.2 0.5 -13.5 -53.1 -141.3 0.978
11.159 -0.8 -0.2 0.6 -13.8 -52.6 -141.3 0.991
11.358 -0.8 -0.2 0.6 -14.2 -52.0 -141.8 0.980
11.46 -0.8 -0.3 0.6 -14.6 -51.7 -142.2 0.981
11.558 -0.7 -0.3 0.6 -14.9 -51.3 -142.4 0.973
11.661 -0.7 -0.3 0.6 -15.2 -51.0 -142.5 0.965
11.756 -0.8 -0.3 0.6 -15.4 -51.0 -142.4 0.992
11.859 -0.7 -0.3 0.6 -15.4 -51.3 -142.2 0.982
11.957 -0.7 -0.3 0.6 -15.3 -51.5 -142.0 0.979
12.058 -0.8 -0.2 0.6 -15.0 -52.4 -141.6 0.972
12.157 -0.8 -0.3 0.5 -14.6 -53.9 -140.6 0.965
12.357 -0.8 -0.2 0.4 -12.9 -58.9 -138.1 0.958
12.457 -0.9 -0.2 0.4 -11.5 -62.6 -135.6 0.962
12.556 -0.9 -0.2 0.3 -9.6 -66.9 -131.9 0.941
12.657 -0.9 -0.1 0.3 -7.3 -71.7 -126.0 0.962
12.758 -1.0 0.0 0.1 -4.1 -78.0 -115.5 0.982
12.857 -1.0 0.0 0.0 -1.1 -84.4 -103.8 1.004
12.957 -1.0 0.1 0.0 1.2 -87.7 -96.7 1.009
13.055 -1.0 0.1 -0.0 2.7 -87.4 -92.2 0.981
13.154 -1.0 0.1 -0.0 3.5 -86.3 -89.7 0.976
13.355 -1.0 0.1 -0.0 4.1 -85.3 -87.5 0.980
13.454 -1.0 0.1 -0.1 4.0 -85.3 -86.9 0.971
13.553 -0.9 0.0 -0.1 3.4 -85.7 -86.4 0.952
13.656 -1.0 0.1 -0.1 3.1 -85.9 -86.0 0.979
13.753 -1.0 0.1 -0.0 2.7 -86.1 -85.8 0.986
13.854 -1.0 0.1 -0.0 2.3 -86.5 -86.0 0.960
13.955 -1.0 0.0 -0.1 2.3 -86.4 -85.7 0.974
14.053 -1.0 0.0 -0.1 2.3 -86.3 -85.3 0.968
14.154 -1.0 0.0 -0.1 2.2 -86.4 -85.4 0.971
14.354 -1.0 0.1 -0.0 2.1 -86.7 -86.2 0.960
14.452 -1.0 0.0 -0.0 1.6 -87.1 -86.0 0.953
14.553 -1.0 0.0 -0.0 1.5 -87.2 -86.0 0.977
14.654 -1.0 0.0 -0.1 0.9 -87.6 -85.8 0.972
14.752 -1.0 0.0 -0.1 0.8 -87.6 -85.5 1.006
14.858 -1.0 0.0 -0.0 0.5 -87.8 -85.6 0.952
14.957 -1.0 0.0 -0.0 0.3 -87.8 -85.4 0.961
15.053 -1.0 0.0 -0.0 0.5 -87.7 -85.4 0.958
15.153 -1.0 -0.0 -0.1 0.4 -87.8 -85.4 0.968
15.353 -1.0 0.0 -0.0 0.6 -87.7 -85.5 0.959
15.453 -1.0 0.0 -0.1 0.8 -87.5 -85.5 0.990
15.556 -0.9 0.0 -0.0 0.9 -87.5 -85.6 0.950
15.651 -1.0 0.0 -0.0 1.0 -87.4 -85.5 0.967
15.753 -1.0 0.0 -0.0 1.2 -87.3 -85.7 0.958
15.853 -1.0 0.0 -0.1 1.1 -87.5 -85.8 0.968
15.95 -1.0 0.0 -0.0 1.4 -87.3 -86.1 0.991
16.051 -1.0 0.0 -0.0 1.2 -87.6 -86.3 0.961
16.152 -1.0 0.0 -0.0 1.3 -87.5 -86.5 0.986
16.352 -1.0 0.0 -0.0 1.3 -87.8 -87.0 0.972
