MPU6050 - 04/14/2018 23:31:50
0.205 1.0 0.3 0.1 14.4 74.8 117.9
0.301 1.0 0.2 0.1 13.4 76.0 115.4
0.402 1.0 0.2 0.1 13.3 76.0 115.9
0.5 1.0 0.2 0.1 12.7 76.7 114.1
0.6 1.0 0.2 0.1 11.9 77.5 112.6
0.699 1.0 0.2 0.1 11.6 77.9 111.8
0.803 1.0 0.2 0.1 12.3 77.3 112.3
0.899 1.0 0.3 0.0 14.2 75.4 115.5
1 1.1 0.3 0.1 14.4 74.9 118.0
1.2 1.0 0.3 0.1 13.0 76.0 117.6
1.302 1.0 0.2 0.1 11.2 78.1 112.3
1.398 1.0 0.2 0.1 10.5 78.8 110.8
1.499 1.0 0.1 0.1 9.7 79.7 109.3
1.598 1.0 0.1 0.1 8.7 80.7 107.5
1.697 1.0 0.2 0.1 8.2 81.2 105.9
1.9 1.0 0.1 -0.0 7.3 82.8 97.8
1.998 1.0 0.2 -0.0 7.7 82.3 96.3
2.099 1.0 0.1 -0.0 7.8 82.3 96.5
2.199 1.0 0.1 0.0 8.2 81.8 99.5
2.298 1.0 0.1 0.0 8.2 81.7 100.6
2.398 1.0 0.1 0.0 7.8 82.3 99.6
2.598 1.0 0.1 0.0 7.7 82.3 99.1
2.7 1.0 0.1 0.0 7.8 82.2 99.5
2.797 1.0 0.1 0.0 7.5 82.5 99.5
3.001 1.0 0.1 0.0 7.2 82.7 100.7
3.098 0.9 0.1 0.1 7.5 82.4 101.0
3.2 1.0 0.1 0.0 8.9 81.0 102.9
3.298 0.8 0.1 0.0 7.6 82.4 95.3
3.402 1.0 -0.0 -0.0 0.9 85.1 78.6
3.495 1.1 -0.0 -0.1 0.5 84.5 76.8
3.598 1.0 0.1 -0.0 2.9 85.6 84.3
3.693 1.1 0.0 -0.1 2.2 85.5 82.4
3.798 1.0 0.1 -0.0 3.3 85.5 85.3
3.997 1.0 0.1 -0.0 5.8 84.2 93.3
4.093 1.0 0.1 0.0 6.8 83.2 96.6
4.199 1.1 0.1 -0.0 6.5 83.4 94.0
4.294 1.1 0.1 -0.0 6.5 83.4 94.4
4.398 1.0 0.1 -0.0 7.1 82.9 95.4
4.495 1.0 0.1 -0.0 7.4 82.6 95.0
4.595 1.0 0.1 0.0 7.1 82.9 95.7
4.694 1.0 0.1 -0.0 6.2 83.8 94.6
4.797 1.0 0.1 -0.0 5.7 84.3 94.5
4.994 1.0 0.1 -0.0 5.5 84.5 95.2
5.095 1.0 0.1 -0.0 6.0 84.0 95.9
5.194 1.0 0.1 -0.0 6.0 84.0 96.2
5.292 1.0 0.1 0.0 5.7 84.3 96.1
5.394 1.0 0.1 -0.0 5.6 84.4 96.0
5.493 1.0 0.1 0.0 5.6 84.4 96.7
5.592 1.0 0.1 0.0 5.6 84.4 96.9
5.69 1.0 0.1 0.0 5.9 84.1 97.7
5.791 1.0 0.1 -0.0 6.3 83.7 98.1
5.991 0.8 0.1 0.0 10.7 79.2 104.3
6.092 0.9 0.6 -0.7 10.8 79.2 99.1
6.191 1.1 -0.1 -0.2 5.3 84.4 91.1
6.291 0.9 0.3 0.2 10.3 79.6 104.4
6.391 1.0 0.1 -0.0 9.0 81.0 101.1
6.495 1.0 0.2 0.0 8.6 81.4 100.2
6.59 1.0 0.2 0.0 9.0 81.0 100.8
6.691 1.0 0.1 0.0 9.2 80.8 101.4
6.789 1.0 0.2 0.0 9.7 80.3 101.9
6.989 1.1 0.1 0.0 9.7 80.3 102.3
7.09 1.0 0.1 0.0 8.7 81.3 101.7
7.189 1.0 0.1 0.0 7.8 82.1 100.6
7.291 1.0 0.1 -0.0 7.2 82.7 99.8
7.391 1.0 0.1 0.0 6.5 83.5 98.2
7.489 1.0 0.1 0.0 7.5 82.5 99.2
7.59 1.0 0.2 0.0 8.5 81.4 101.1
7.688 1.0 0.2 0.0 9.4 80.5 102.7
7.788 1.0 0.2 0.1 11.0 78.8 106.2
7.991 1.0 0.2 0.0 10.3 79.5 104.8
8.089 1.0 0.2 0.0 10.3 79.5 104.9
8.189 1.0 0.2 0.1 10.3 79.5 105.0
8.29 1.0 0.2 0.0 10.2 79.5 105.2
8.403 1.0 0.2 0.1 10.4 79.3 106.2
8.488 1.0 0.2 0.1 10.1 79.5 105.9
8.589 1.0 0.2 0.0 8.5 81.1 103.9
8.689 0.9 0.2 0.1 8.7 80.7 105.7
8.789 0.7 0.1 0.1 10.3 79.0 109.4
8.989 1.2 -0.1 -0.3 6.7 82.3 87.5
9.089 0.9 0.3 0.1 12.6 77.4 102.2
9.189 1.0 0.1 -0.1 10.8 79.2 98.8
9.286 1.0 0.2 0.0 11.2 78.9 99.9
9.388 1.0 0.2 -0.0 11.0 79.0 99.5
9.488 1.0 0.2 0.0 10.8 79.2 99.6
9.586 1.0 0.2 -0.0 10.8 79.2 99.5
9.688 1.0 0.2 -0.0 11.0 79.1 99.4
9.787 1.0 0.2 -0.0 11.0 79.1 99.2
9.987 1.1 0.2 -0.0 10.8 79.2 99.1
10.087 1.1 0.2 0.0 10.6 79.5 101.0
10.187 1.1 0.2 -0.0 9.5 80.6 100.2
10.289 1.0 0.1 0.0 9.3 80.7 101.7
10.386 1.0 0.2 0.0 8.6 81.4 99.8
10.486 0.9 0.1 0.0 8.2 81.8 99.6
10.585 1.0 0.2 0.0 7.5 82.5 98.1
10.684 1.0 0.1 0.0 7.4 82.6 97.7
10.786 1.0 0.1 0.0 7.5 82.5 97.7
10.986 1.0 0.1 -0.0 7.4 82.6 98.3
11.085 0.9 0.2 0.0 8.3 81.7 100.4
11.185 0.7 0.3 0.0 9.8 80.1 103.2
11.286 0.8 -0.0 0.1 11.7 78.3 102.1
11.384 0.8 -0.1 0.5 8.3 81.7 98.7
11.484 1.0 0.2 -0.1 11.3 78.8 99.6
11.585 1.0 0.2 0.1 13.1 77.0 105.0
11.686 1.0 0.2 0.0 12.9 77.0 105.6
11.784 1.0 0.2 0.0 12.6 77.4 105.5
11.986 1.0 0.2 0.0 11.8 78.2 103.9
12.083 1.0 0.2 0.0 11.9 78.1 103.5
12.186 1.1 0.2 0.0 12.2 77.8 101.9
12.285 1.1 0.2 -0.0 11.5 78.5 99.9
12.385 1.0 0.1 -0.0 9.9 80.0 96.5
12.482 1.0 0.1 -0.0 9.7 80.0 94.8
12.583 0.9 0.2 -0.0 9.9 79.6 94.4
12.683 0.9 0.2 -0.0 9.4 80.1 93.7
12.783 0.9 0.2 -0.1 9.2 80.1 92.7
12.983 1.0 0.2 -0.1 8.0 81.2 92.0
13.083 1.0 0.1 -0.1 7.9 81.4 92.2
13.183 0.9 0.2 -0.1 8.6 81.0 93.9
13.282 0.9 0.2 -0.1 9.3 80.4 95.0
13.384 0.8 0.1 -0.0 11.3 78.6 97.4
13.483 1.1 0.3 -0.1 14.5 74.9 96.1
13.581 0.9 0.2 0.2 14.6 75.4 103.6
13.683 1.0 0.2 -0.1 13.6 76.2 99.4
13.784 1.0 0.3 -0.0 14.5 75.5 102.0
13.982 1.0 0.2 -0.0 14.3 75.7 102.1
14.083 1.0 0.2 0.0 14.4 75.6 102.5
14.182 1.0 0.3 -0.0 15.3 74.6 102.3
14.283 1.1 0.3 -0.0 15.3 74.5 99.6
14.381 1.1 0.2 -0.1 13.4 76.2 96.0
14.481 1.0 0.2 -0.1 12.5 77.3 96.8
14.581 1.0 0.2 -0.0 11.7 78.2 97.5
14.681 0.9 0.2 -0.0 10.2 79.6 96.3
14.78 0.9 0.1 -0.1 8.5 81.0 93.4
14.981 1.0 0.2 -0.1 8.4 80.7 91.8
15.079 1.0 0.1 -0.1 8.8 80.3 92.2
15.18 1.0 0.2 -0.1 9.3 79.9 92.6
15.282 0.8 0.3 -0.1 10.2 79.1 93.7
15.381 0.7 0.1 0.0 12.7 77.1 97.9
15.48 1.1 0.2 -0.1 14.6 74.7 95.8
15.579 1.0 0.1 0.1 11.4 78.4 97.1
15.679 1.0 0.2 -0.1 12.1 77.6 96.6
15.779 1.0 0.2 -0.0 13.4 76.6 100.2
15.981 1.0 0.2 -0.0 13.7 76.3 101.3
16.081 1.0 0.2 -0.0 13.4 76.6 101.2
16.18 1.0 0.2 -0.0 13.7 76.3 100.8
16.279 1.1 0.2 -0.0 13.7 76.2 99.7
16.38 1.1 0.2 -0.0 12.9 77.1 101.5
16.479 1.0 0.2 -0.0 11.0 79.0 101.4
16.579 1.0 0.2 0.0 9.5 80.5 101.1
16.679 0.9 0.1 0.0 8.3 81.7 99.9
16.778 0.9 0.1 -0.0 7.4 82.7 98.0
16.977 1.0 0.1 -0.0 6.5 83.5 95.4
17.079 1.0 0.1 -0.0 6.9 83.1 96.1
17.176 1.0 0.1 -0.0 7.2 82.9 96.7
17.276 1.0 0.1 -0.0 7.8 82.3 97.5
17.378 1.0 0.2 -0.0 9.7 80.3 100.1
17.479 0.9 0.2 0.1 11.8 78.3 103.3
17.579 1.0 0.1 0.0 12.7 77.3 104.4
17.678 2.0 1.2 -1.0 12.9 77.2 100.7
17.778 1.0 0.2 -0.0 11.5 78.5 100.9
17.981 1.0 0.2 -0.0 12.1 77.9 101.4
18.076 1.0 0.2 -0.0 12.3 77.7 101.7
18.176 1.0 0.2 0.0 12.4 77.7 101.9
18.28 1.0 0.2 0.0 12.4 77.6 102.0
18.376 1.0 0.2 -0.0 12.4 77.6 102.1
18.477 1.0 0.2 -0.0 12.6 77.4 102.2
18.577 1.0 0.2 -0.0 12.7 77.4 102.2
18.676 1.0 0.2 0.0 12.9 77.2 102.3
18.78 1.0 0.2 -0.0 12.9 77.1 101.9
18.978 1.0 0.2 0.0 12.5 77.5 104.5
19.075 1.0 0.2 0.0 11.6 78.4 104.5
19.176 1.0 0.2 0.0 11.1 78.8 104.9
19.275 1.0 0.2 0.0 10.6 79.3 103.3
19.374 1.0 0.1 0.0 9.3 80.7 101.9
19.475 1.0 0.2 0.1 8.5 81.2 103.3
19.574 1.0 0.2 0.1 7.5 82.1 102.8
19.673 1.0 0.1 0.0 7.3 82.4 102.3
19.774 1.0 0.1 0.0 7.3 82.4 101.9
19.976 0.8 0.1 0.0 10.5 79.3 105.2
20.075 0.9 0.2 0.1 13.8 76.2 105.2
20.175 1.1 -0.3 -0.0 9.9 79.9 96.3
20.273 1.0 0.2 -0.0 11.2 78.7 96.9
20.373 1.0 0.2 -0.0 13.1 76.9 101.8
20.474 1.0 0.2 -0.0 12.6 77.4 101.0
20.576 1.0 0.2 -0.0 12.8 77.2 101.7
20.673 1.0 0.2 -0.0 12.6 77.4 101.8
20.774 1.0 0.2 -0.0 12.4 77.7 101.5
20.975 1.0 0.2 -0.0 11.4 78.7 101.1
21.073 1.0 0.1 0.0 10.8 79.2 100.4
21.174 1.1 0.3 0.0 12.7 77.3 102.1
21.272 1.1 0.2 -0.0 12.8 77.3 101.7
21.373 0.9 0.1 0.0 13.5 76.6 102.6
21.473 0.9 0.2 -0.0 15.6 74.4 103.4
21.572 1.0 0.3 -0.0 14.9 75.0 101.8
21.671 0.9 0.2 -0.0 12.7 77.2 99.4
21.771 0.9 0.2 -0.0 11.5 78.4 97.7
21.973 0.9 0.3 -0.0 11.9 78.0 98.4
22.072 0.7 0.2 -0.0 13.0 76.9 100.4
22.172 0.9 0.2 -0.0 14.6 74.9 96.5
22.273 1.0 0.2 0.2 13.0 77.0 101.4
22.372 1.0 0.2 -0.1 15.1 74.9 104.0
22.472 1.0 0.3 0.0 15.9 74.1 106.8
22.573 1.0 0.3 -0.0 15.4 74.6 106.3
22.671 1.0 0.3 0.0 15.5 74.6 106.8
22.769 1.0 0.2 0.0 14.8 75.3 106.2
22.971 1.0 0.2 0.0 14.4 75.6 106.1
23.072 1.0 0.2 0.0 14.2 75.8 105.6
23.17 1.0 0.3 0.0 14.5 75.5 105.7
23.27 1.1 0.3 -0.0 15.3 74.7 105.0
23.371 1.1 0.3 0.0 16.1 73.9 107.1
23.47 1.0 0.2 0.0 16.1 73.8 109.3
23.571 0.9 0.3 0.0 16.0 73.8 110.5
23.67 0.9 0.2 0.0 14.8 75.0 110.0
23.77 0.9 0.2 0.0 13.0 76.8 108.0
23.97 0.9 0.2 0.0 11.5 78.4 104.0
24.07 0.9 0.2 0.0 10.4 79.6 101.8
24.17 0.8 0.2 -0.0 12.0 78.0 104.1
24.27 0.8 0.1 0.0 14.9 75.1 106.3
24.369 0.9 -0.4 0.5 11.7 78.3 99.3
24.471 1.0 0.3 -0.1 14.0 76.0 100.9
24.569 1.0 0.3 -0.0 15.2 74.8 103.7
24.669 1.0 0.2 -0.0 14.5 75.5 102.6
24.769 1.0 0.2 -0.0 14.3 75.7 102.3
24.971 1.0 0.2 -0.0 14.3 75.7 102.7
25.068 1.0 0.3 -0.0 14.5 75.5 102.8
25.169 1.0 0.3 -0.0 14.8 75.2 103.0
25.267 1.1 0.3 -0.0 15.7 74.4 105.2
25.368 1.1 0.3 0.0 15.9 74.1 106.6
25.469 1.0 0.3 0.0 15.7 74.3 106.9
25.567 0.9 0.2 0.0 14.5 75.5 106.2
25.666 0.9 0.2 0.0 13.0 77.1 104.6
25.767 0.9 0.3 0.0 12.3 77.7 103.6
25.969 1.0 0.2 -0.0 12.5 77.5 103.4
26.068 0.9 0.3 0.0 13.1 76.9 105.3
26.166 0.7 0.2 0.1 13.7 76.2 106.4
26.267 0.7 0.0 -0.0 14.3 75.7 102.0
26.368 0.6 -0.2 0.4 12.6 77.4 102.3
26.468 0.9 0.4 0.0 16.9 73.1 108.8
26.566 1.0 0.3 0.0 16.5 73.6 108.4
26.667 1.0 0.3 0.0 15.9 74.1 108.2
26.768 1.0 0.2 0.0 14.6 75.5 105.6
26.965 1.0 0.2 0.0 14.8 75.2 106.7
27.065 1.0 0.3 0.0 15.5 74.5 106.7
27.167 1.1 0.2 0.0 16.9 73.1 110.3
27.266 1.1 0.3 0.0 17.3 72.6 111.7
27.364 1.0 0.2 0.0 15.6 74.4 109.3
27.466 1.0 0.3 0.0 14.9 75.0 107.9
27.565 1.0 0.3 0.0 14.2 75.7 107.5
27.664 0.9 0.2 0.0 13.1 76.8 106.5
27.766 1.0 0.2 0.0 12.7 77.2 105.9
27.964 0.7 0.2 0.0 13.5 76.4 107.2
28.064 0.6 0.2 0.2 15.9 74.1 109.2
28.166 1.2 -0.0 0.5 13.9 76.2 102.2
28.263 1.0 0.4 -0.0 16.3 73.7 105.2
28.366 1.0 0.3 0.0 16.9 73.1 106.5
28.464 1.0 0.3 0.0 15.9 74.2 105.4
28.565 1.0 0.3 -0.0 15.5 74.5 105.0
28.663 1.0 0.3 -0.0 15.5 74.5 105.4
28.764 1.0 0.3 0.0 15.4 74.7 105.6
28.962 1.0 0.3 0.0 15.3 74.8 105.7
29.065 1.0 0.2 0.0 15.3 74.7 106.0
29.162 1.0 0.3 0.0 15.7 74.4 106.4
29.263 1.1 0.3 0.0 16.0 74.0 107.0
29.365 1.1 0.3 0.0 15.7 74.3 108.0
29.465 1.0 0.2 0.0 13.8 76.1 107.2
29.564 1.0 0.2 -0.0 12.8 77.1 106.3
29.665 0.9 0.2 -0.0 12.4 77.5 105.6
29.764 0.9 0.2 0.0 11.4 78.5 104.7
29.961 0.9 0.2 0.0 10.3 79.7 102.7
30.063 0.8 0.1 -0.0 10.4 79.6 102.2
30.162 0.8 0.0 -0.1 12.9 77.1 99.4
30.261 1.1 0.1 0.3 12.6 77.5 102.2
30.361 1.0 0.2 -0.0 14.0 76.0 103.1
30.462 1.0 0.2 0.0 14.1 75.9 104.9
30.563 1.0 0.2 -0.0 14.1 75.9 105.1
30.66 1.0 0.3 0.0 14.6 75.4 105.5
30.762 1.0 0.2 0.0 14.9 75.2 105.2
30.965 1.1 0.2 -0.0 15.3 74.8 105.8
31.06 1.1 0.2 -0.0 14.4 75.6 104.4
31.162 1.0 0.2 0.0 13.8 76.3 104.0
31.262 0.9 0.2 0.0 12.6 77.4 103.1
31.362 0.9 0.2 0.0 11.8 78.2 102.0
31.46 0.9 0.2 0.0 10.3 79.8 100.6
31.559 0.9 0.2 0.0 9.8 80.2 100.4
31.659 0.9 0.2 -0.0 10.2 79.8 101.1
31.759 0.7 0.2 -0.0 11.0 79.1 101.4
31.96 0.9 -0.0 -0.0 11.9 77.9 97.9
32.06 1.0 0.3 -0.0 14.2 75.7 99.4
32.161 1.0 0.2 -0.0 15.0 75.0 104.0
32.262 1.0 0.2 -0.0 14.6 75.4 103.6
32.359 1.0 0.2 0.0 15.4 74.7 104.4
32.46 1.0 0.3 -0.0 15.7 74.4 105.1
32.557 1.0 0.3 0.0 15.6 74.4 106.2
32.66 1.1 0.3 0.0 14.7 75.3 106.4
32.759 1.0 0.2 0.0 13.4 76.5 106.4
32.958 0.9 0.2 0.0 11.7 78.2 104.4
33.06 0.9 0.2 0.1 10.7 79.2 103.2
33.156 0.9 0.2 0.0 10.0 80.1 101.4
33.258 0.9 0.2 0.0 9.8 80.2 101.5
33.359 0.9 0.2 -0.0 10.3 79.7 101.9
33.458 0.7 0.2 0.0 11.2 78.8 101.6
33.558 2.0 2.0 -0.9 11.5 77.9 93.9
33.657 1.1 -0.1 -0.2 5.8 82.3 86.6
33.759 1.0 0.2 0.0 8.9 80.4 92.3
33.957 1.0 0.1 -0.1 8.4 81.0 92.1
34.058 1.0 0.2 -0.1 9.1 80.5 94.0
34.155 1.0 0.2 -0.0 9.8 80.0 96.1
34.257 1.0 0.2 -0.0 10.6 79.4 98.2
34.357 1.0 0.2 -0.0 10.6 79.3 98.4
34.455 1.0 0.2 -0.0 11.2 78.8 99.5
34.557 1.1 0.2 -0.0 12.5 77.5 104.4
34.657 1.1 0.3 0.1 13.9 75.7 110.5
34.756 1.0 0.2 0.1 11.4 78.3 106.5
34.955 0.9 0.2 0.0 8.7 81.0 102.5
35.056 0.8 0.2 0.0 9.3 80.4 103.7
35.154 0.8 0.2 0.0 10.7 78.9 106.2
35.254 0.5 0.2 0.1 13.7 76.0 108.8
35.354 0.4 -0.6 0.0 7.6 81.9 92.4
35.455 1.0 0.2 -0.0 11.0 78.8 96.2
35.555 0.9 0.3 0.1 13.5 76.5 103.5
35.654 1.0 0.2 -0.0 13.0 77.0 102.1
35.754 1.0 0.2 -0.0 13.2 76.9 102.2
35.955 1.1 0.2 0.0 13.7 76.3 106.1
36.055 1.2 0.3 0.0 13.4 76.5 106.9
36.155 1.0 0.2 0.1 11.7 77.9 108.0
36.253 0.9 0.1 0.1 9.8 79.2 108.4
36.354 1.0 0.2 0.1 9.0 80.0 107.1
36.453 0.9 0.2 0.1 8.1 80.8 106.3
36.554 1.0 0.2 0.1 7.2 81.8 104.2
36.653 0.9 0.2 0.1 7.4 81.7 104.2
36.754 0.8 0.1 -0.0 7.7 81.5 104.2
36.952 0.9 -0.8 0.6 8.1 81.9 98.8
37.056 1.0 0.2 -0.1 10.3 79.8 99.9
37.153 0.9 0.3 0.1 12.3 77.6 105.5
37.256 1.0 0.2 -0.0 11.6 78.4 104.0
37.352 1.0 0.2 0.0 12.2 77.7 105.0
37.454 1.0 0.2 0.0 12.6 77.3 106.0
37.553 1.2 0.2 0.0 12.6 77.2 107.5
37.654 1.1 0.2 0.1 12.1 77.1 110.4
37.75 1.0 0.1 0.1 9.8 79.1 108.8
37.952 0.9 0.1 0.1 7.6 81.4 104.6
38.05 0.9 0.2 0.1 7.2 82.1 102.8
38.152 1.0 0.1 0.0 7.1 82.3 102.4
38.252 0.6 0.3 0.1 8.4 81.0 104.6
38.353 0.7 -0.1 -0.0 9.9 80.2 100.4
38.773 1.0 0.2 0.0 -51.5 16.7 -29.7
38.975 1.0 0.2 0.0 -24.0 -61.6 -35.9
39.07 1.0 0.3 0.0 75.8 13.3 4.4
39.17 1.0 0.2 0.0 52.4 30.1 46.0
39.273 1.0 0.2 0.0 -16.4 -73.7 -38.9
39.372 1.0 0.3 0.0 64.9 -18.6 -18.6
39.472 1.0 0.2 0.0 68.2 -14.1 -21.2
39.571 1.0 0.3 0.0 71.1 -9.5 -23.6
39.67 1.0 0.3 0.0 73.3 -5.1 -25.8
39.772 1.0 0.2 0.1 74.5 -0.5 -28.1
39.97 1.0 0.2 0.1 73.6 8.6 -32.2
40.072 1.0 0.3 0.1 71.7 13.1 -33.7
40.17 1.0 0.2 0.1 69.3 17.0 -35.3
40.27 1.0 0.3 0.1 66.8 20.7 -36.5
40.37 1.1 0.3 0.1 63.1 24.9 -39.6
40.47 1.0 0.2 0.1 58.2 30.3 -43.4
40.57 0.9 0.2 0.1 53.9 35.1 -45.8
40.67 0.9 0.2 0.1 50.2 39.1 -48.1
40.77 0.9 0.2 0.1 46.5 43.0 -50.9
40.969 1.0 0.1 0.1 40.9 48.8 -54.8
41.069 0.9 0.2 0.1 40.1 49.7 -54.5
41.17 0.6 0.1 0.2 41.9 48.1 -51.4
41.268 1.4 0.0 0.2 38.1 51.2 -60.3
41.37 1.2 -0.0 -0.2 34.8 53.9 -67.1
41.469 0.9 0.3 0.1 36.0 53.5 -60.9
41.568 1.0 0.3 0.1 35.5 54.3 -58.9
41.667 1.1 0.2 0.0 33.0 56.8 -61.6
41.771 1.0 0.3 0.1 31.8 58.1 -61.4
41.969 1.0 0.2 0.1 29.2 60.8 -62.9
42.069 0.9 0.2 0.1 28.6 61.4 -63.5
42.168 1.0 0.3 0.0 26.9 63.0 -66.5
42.269 1.0 0.2 0.0 24.6 65.3 -69.3
42.37 1.0 0.3 0.0 24.4 65.6 -68.7
42.466 1.0 0.2 0.0 23.7 66.3 -68.8
42.568 1.0 0.2 0.0 22.7 67.3 -69.7
42.668 1.0 0.2 0.0 21.5 68.5 -70.9
42.768 1.1 0.2 -0.0 21.6 68.4 -70.2
42.966 1.0 0.2 0.0 21.3 68.7 -70.6
43.067 1.0 0.3 0.0 21.7 68.3 -69.8
43.166 1.0 0.3 0.0 23.7 66.4 -66.4
43.265 1.0 0.3 0.1 25.5 64.5 -63.2
43.366 1.1 0.4 0.1 25.7 64.2 -61.7
43.466 1.2 0.5 0.2 26.3 63.1 -58.3
43.567 0.9 0.2 0.2 22.1 66.8 -61.7
43.665 0.7 0.3 0.1 20.8 68.1 -63.2
43.766 0.7 0.0 -0.0 18.8 70.6 -66.3
43.967 0.9 0.2 0.2 21.4 68.2 -64.0
44.066 1.0 0.3 0.0 20.3 69.5 -66.5
44.164 1.0 0.3 0.1 19.7 70.0 -66.8
44.264 1.0 0.3 0.1 19.9 69.8 -66.3
44.366 0.9 0.3 0.1 20.4 69.2 -65.4
44.464 1.0 0.3 0.1 19.9 69.6 -65.5
44.565 1.0 0.3 0.1 19.6 69.6 -64.9
44.663 1.0 0.4 0.2 21.3 67.4 -61.4
44.764 1.2 0.3 0.1 19.7 69.8 -65.9
44.964 0.9 0.4 0.1 19.2 70.0 -65.9
45.064 0.8 0.4 0.1 19.9 69.1 -64.6
45.164 0.8 0.3 0.1 20.3 68.3 -62.8
45.264 0.6 0.0 0.0 20.0 68.8 -63.3
45.365 0.7 0.2 0.3 17.9 71.0 -66.0
45.465 1.1 0.4 0.1 18.6 70.7 -66.5
45.562 1.0 0.3 0.1 18.7 70.4 -66.0
45.664 1.0 0.3 0.1 18.7 70.4 -65.9
45.764 1.0 0.3 0.1 18.8 70.3 -65.8
45.962 1.0 0.3 0.2 18.8 70.2 -65.2
46.064 1.0 0.3 0.2 20.6 68.2 -62.8
46.164 1.2 0.3 0.1 18.7 70.6 -66.6
46.263 0.9 0.3 0.1 17.9 71.1 -66.7
46.362 0.9 0.3 0.1 17.1 71.9 -67.7
46.462 0.8 0.3 0.1 17.2 71.7 -67.4
46.561 0.8 0.4 0.1 18.0 70.5 -65.2
46.662 0.7 0.1 0.1 18.3 69.7 -63.1
46.761 2.0 2.0 0.0 19.2 70.4 -66.7
46.961 1.0 0.3 0.1 18.3 70.9 -66.3
47.061 1.0 0.3 0.1 17.9 71.4 -66.9
47.162 1.0 0.3 0.1 18.0 71.3 -66.8
47.262 1.0 0.3 0.1 18.0 71.2 -66.6
47.362 1.0 0.3 0.1 18.5 70.5 -65.4
47.46 0.9 0.4 0.2 18.9 69.7 -63.8
47.561 1.0 0.2 0.1 16.8 71.7 -66.1
47.66 1.0 0.3 0.1 15.7 72.6 -67.0
47.761 1.0 0.3 0.1 15.1 73.0 -67.3
47.96 0.9 0.2 0.1 14.1 73.3 -67.3
48.062 0.9 0.2 0.1 14.1 73.4 -67.3
48.162 0.8 0.2 0.2 12.8 74.8 -68.7
48.263 0.9 0.1 -0.0 10.4 79.3 -76.3
48.359 0.6 -0.1 -0.0 10.0 80.0 -78.7
48.459 0.9 0.2 0.0 10.2 79.9 -80.3
48.56 1.0 0.2 -0.0 10.3 79.8 -80.3
48.66 1.0 0.2 -0.0 11.6 78.4 -79.0
48.76 1.0 0.2 0.0 12.1 77.9 -77.7
48.959 1.1 0.2 0.1 13.7 75.7 -70.9
49.06 1.0 0.2 0.1 12.3 76.1 -69.0
49.159 0.9 0.1 0.1 10.9 77.5 -71.0
49.26 0.9 0.2 0.0 11.1 77.8 -72.6
49.358 0.9 0.2 0.0 11.3 77.7 -72.4
49.459 0.9 0.2 -0.1 12.1 76.9 -71.4
49.559 0.9 0.1 0.0 13.5 75.9 -70.9
49.66 1.1 0.4 0.3 13.6 76.3 -73.7
49.757 1.0 0.3 0.1 16.1 73.3 -68.5
49.958 1.0 0.3 0.1 15.5 73.6 -68.1
50.057 1.0 0.2 0.1 15.4 73.8 -68.3
50.157 1.0 0.3 0.1 15.0 74.2 -68.8
50.257 1.1 0.3 0.1 15.0 74.0 -68.1
50.357 1.0 0.2 0.1 14.5 74.4 -68.5
50.457 1.0 0.2 0.1 11.4 77.4 -72.2
50.558 0.9 0.2 0.1 9.4 78.9 -74.0
50.658 0.9 0.2 0.1 9.5 78.6 -73.5
50.756 0.7 0.2 0.1 11.1 76.6 -70.3
50.957 0.7 -0.3 0.2 13.3 75.3 -68.9
51.057 1.2 0.4 0.1 14.3 74.1 -67.2
51.158 1.0 0.2 0.1 14.7 73.5 -66.1
51.255 0.9 0.3 0.2 15.3 72.3 -64.2
51.357 1.0 0.2 0.1 15.0 72.8 -64.8
51.456 1.0 0.3 0.2 15.1 72.6 -64.5
51.555 1.1 0.3 0.2 15.3 71.9 -63.4
51.655 1.0 0.2 0.2 13.6 73.1 -64.7
51.756 1.0 0.2 0.1 11.4 75.2 -67.1
51.954 0.9 0.1 0.1 9.8 78.0 -72.0
52.055 0.8 0.2 0.1 10.4 77.8 -71.9
52.156 0.6 -0.1 -0.0 11.4 77.8 -73.1
52.254 0.7 -0.2 0.3 11.6 78.1 -75.2
52.354 1.2 0.4 0.1 14.4 75.2 -71.5
52.457 1.0 0.3 0.0 14.1 75.6 -72.3
52.554 1.0 0.3 0.1 14.3 75.2 -71.3
52.654 1.0 0.2 0.1 14.8 74.7 -70.6
52.756 1.1 0.2 0.1 15.0 74.4 -69.9
52.955 1.0 0.2 0.1 12.6 76.5 -71.8
53.053 1.0 0.2 0.1 10.7 78.4 -74.1
53.155 0.8 0.2 0.0 9.4 79.6 -75.8
53.253 0.7 0.2 0.0 9.5 79.6 -75.8
53.354 0.7 0.1 0.0 10.4 79.1 -75.8
53.453 1.8 0.7 -1.0 12.8 77.2 -77.2
53.555 1.0 0.1 0.1 14.6 74.3 -69.2
53.653 1.0 0.3 0.1 15.4 73.7 -68.9
53.756 1.0 0.2 0.1 14.6 74.5 -69.7
53.954 1.0 0.3 0.1 14.6 74.5 -69.5
54.054 1.1 0.1 -0.0 12.3 77.2 -73.6
54.153 1.0 0.3 0.1 13.1 76.2 -72.1
54.253 1.0 0.2 0.1 12.6 76.9 -73.4
54.351 1.0 0.2 0.1 12.5 76.9 -73.4
54.454 1.0 0.2 0.0 12.2 77.4 -74.3
54.553 1.0 0.1 0.0 11.1 78.6 -75.7
54.652 1.0 0.3 0.1 11.9 77.6 -74.4
54.751 1.0 0.2 0.0 11.7 77.9 -74.8
54.952 1.0 0.2 -0.0 11.1 78.5 -75.6
55.054 1.0 0.2 0.1 11.9 77.5 -73.9
55.15 1.0 0.2 0.0 11.8 77.7 -74.6
55.25 1.0 0.1 0.1 11.7 77.6 -73.9
55.35 1.0 0.2 0.0 11.2 78.5 -75.5
55.452 1.0 0.1 0.1 11.5 78.0 -74.7
55.55 1.0 0.3 0.1 12.2 77.2 -73.5
55.652 1.1 0.1 -0.0 10.8 78.8 -75.8
55.75 1.0 0.3 0.1 11.9 77.5 -74.0
55.949 1.0 0.2 0.2 12.4 76.9 -72.8
56.05 1.0 0.2 -0.0 11.4 78.2 -75.1
56.152 1.0 0.2 0.2 12.4 76.9 -72.8
56.249 1.0 0.3 0.0 12.3 77.1 -73.3
56.349 1.0 0.1 0.1 11.1 78.3 -74.8
56.451 1.0 0.2 0.1 10.8 78.8 -75.9
56.548 1.0 0.1 0.0 10.5 79.1 -76.2
56.65 1.0 0.3 0.1 11.7 77.7 -74.0
56.75 1.0 0.2 0.0 10.9 78.5 -75.1
56.949 1.0 0.2 0.0 11.3 78.2 -74.7
57.051 1.0 0.2 0.1 11.6 77.7 -73.8
57.148 1.0 0.2 0.0 11.1 78.3 -74.9
57.247 1.0 0.2 0.1 11.6 77.7 -73.9
57.348 1.0 0.2 0.0 11.3 78.1 -74.5
57.45 1.0 0.1 0.1 10.7 78.6 -75.1
57.55 1.0 0.2 0.1 11.8 77.4 -73.4
57.648 1.2 0.3 0.1 15.3 73.4 -67.5
57.748 1.0 0.1 0.1 10.6 78.0 -73.3
57.948 0.8 0.1 -0.0 8.6 80.6 -77.3
58.048 0.7 0.1 0.1 10.8 78.2 -73.8
58.149 2.0 0.6 -0.1 12.8 76.7 -73.0
58.247 1.0 0.4 0.2 13.9 74.3 -68.4
58.347 1.0 0.3 0.1 14.3 74.3 -68.9
58.447 1.0 0.2 0.1 13.8 74.9 -69.6
58.546 1.0 0.2 0.1 13.9 74.8 -69.6
58.648 1.0 0.2 0.1 13.8 74.9 -69.8
58.746 1.0 0.2 0.1 13.9 74.7 -69.5
58.949 1.0 0.2 0.1 13.9 74.8 -69.6
59.045 1.0 0.3 0.1 14.0 74.7 -69.4
59.147 1.0 0.2 0.1 14.1 74.8 -69.8
59.246 1.0 0.3 0.1 14.1 74.6 -69.3
59.347 1.2 0.2 0.1 12.7 75.8 -70.5
59.446 1.0 0.2 0.1 10.7 77.0 -71.4
59.545 0.9 0.1 0.1 8.6 79.1 -74.2
59.644 0.9 0.1 0.1 7.7 80.5 -76.4
59.746 0.9 0.2 0.1 8.1 80.2 -75.9
59.946 2.0 -0.0 -0.9 11.2 78.9 -79.1
60.047 1.1 0.3 0.2 14.1 74.9 -70.0
60.146 1.0 0.2 0.1 14.4 74.7 -70.2
60.247 1.0 0.2 0.1 13.7 75.4 -71.0
60.345 1.0 0.2 0.1 13.9 75.3 -70.9
60.446 1.0 0.2 0.1 14.2 74.9 -70.3
60.544 1.0 0.2 0.1 14.4 74.7 -70.2
60.644 1.0 0.3 0.1 14.4 74.7 -70.2
60.743 1.0 0.2 0.1 14.1 75.0 -70.6
60.943 1.0 0.2 0.1 13.1 76.5 -73.2
61.043 1.1 0.3 0.1 12.9 76.5 -72.9
61.145 1.1 0.2 0.0 12.1 77.3 -73.6
61.245 0.9 0.2 0.1 10.4 78.3 -74.0
61.345 0.8 0.1 0.1 8.6 79.3 -74.7
61.443 0.7 0.1 0.0 8.7 79.3 -74.7
61.545 0.5 0.1 0.2 12.5 76.3 -71.4
61.644 0.9 0.3 0.1 12.6 76.8 -72.9
61.744 0.9 0.2 0.1 13.9 75.0 -70.0
61.942 1.0 0.2 0.1 13.8 75.0 -69.8
62.042 1.0 0.2 0.1 13.8 75.2 -70.2
62.143 1.0 0.2 0.1 13.6 75.3 -70.2
62.244 1.0 0.2 0.1 12.9 76.0 -71.1
62.344 1.0 0.2 0.1 12.4 76.5 -71.8
62.444 1.1 0.2 0.1 11.1 77.9 -73.6
62.541 1.0 0.2 0.1 9.5 79.0 -74.7
62.641 0.9 0.2 0.1 7.9 80.6 -76.7
62.742 0.9 0.1 0.1 6.6 81.9 -78.5
62.944 1.0 0.1 0.1 5.8 83.0 -80.1
63.043 1.0 0.1 0.1 6.1 82.6 -79.6
63.141 1.0 0.1 0.1 6.4 82.3 -79.2
63.24 1.0 0.1 0.1 6.4 82.2 -79.0
63.342 1.0 0.1 0.1 6.5 82.2 -79.0
63.443 1.0 0.1 0.1 6.4 82.4 -79.3
63.539 0.9 0.1 0.1 6.7 82.1 -79.1
63.641 1.0 0.1 0.1 7.5 81.5 -78.4
63.742 1.1 0.1 0.1 8.2 81.3 -78.7
63.942 1.0 0.2 0.1 9.0 80.8 -78.7
64.041 1.0 0.2 0.0 9.4 80.4 -78.3
64.139 1.0 0.2 0.0 9.7 80.1 -78.0
64.241 1.0 0.2 0.0 9.9 79.9 -77.9
64.342 1.0 0.2 0.0 10.0 79.9 -78.1
64.443 1.0 0.2 0.0 10.0 79.8 -78.1
64.54 0.9 0.1 0.0 10.1 79.8 -78.2
64.64 1.1 0.2 -0.0 9.8 80.2 -79.6
64.741 1.1 0.2 0.1 10.2 79.8 -78.8
64.937 1.0 0.2 0.0 9.9 80.1 -79.4
65.038 1.0 0.2 0.0 10.0 80.0 -79.2
65.138 1.0 0.2 0.0 10.0 80.0 -79.1
65.241 1.0 0.2 0.0 10.0 80.0 -79.1
65.338 1.1 0.1 0.0 10.0 79.9 -78.8
65.439 1.1 0.2 0.0 9.7 80.3 -79.2
65.538 1.0 0.2 0.0 8.8 81.1 -79.3
65.64 1.0 0.1 0.0 7.3 82.4 -80.3
65.74 0.9 0.1 0.0 6.2 83.5 -81.6
65.938 1.0 0.1 0.0 5.0 84.8 -83.4
66.039 1.0 0.1 0.0 4.9 84.9 -83.4
66.139 1.0 0.1 0.0 5.1 84.6 -83.1
66.236 1.0 0.1 0.0 4.9 84.8 -83.2
66.337 0.9 0.1 0.0 4.3 85.4 -84.0
66.436 1.0 0.1 0.0 4.5 85.2 -83.8
66.537 1.0 0.1 0.0 5.0 84.5 -82.6
66.636 1.0 0.1 0.0 5.8 83.9 -82.3
66.738 1.1 0.1 -0.0 5.8 84.2 -83.4
66.937 1.0 0.1 0.0 2.8 87.2 -87.0
67.035 1.0 0.0 0.0 2.3 87.8 -87.7
67.139 1.0 0.0 -0.0 2.3 87.7 -87.5
67.236 1.1 0.0 -0.0 2.4 87.6 -87.1
67.336 1.1 0.0 0.1 2.3 87.2 -86.1
67.437 1.1 0.0 0.1 1.1 87.4 -86.4
67.535 1.0 -0.0 0.0 -0.3 87.3 -87.5
67.638 0.9 -0.0 0.0 -1.1 87.0 -88.2
67.737 0.9 -0.0 0.0 -1.3 87.4 -89.0
67.936 1.0 -0.0 0.0 -0.7 87.9 -88.7
68.036 1.0 -0.0 0.1 -0.3 87.7 -88.0
68.136 1.0 -0.0 0.0 -0.2 87.6 -87.9
68.235 0.9 0.0 0.0 -0.1 87.6 -87.8
68.334 0.9 0.1 0.0 0.5 87.6 -87.2
68.434 0.9 -0.1 0.0 2.1 86.6 -85.2
68.534 1.2 0.1 0.0 4.5 85.2 -83.7
68.635 1.2 -0.1 0.1 6.1 83.4 -81.4
68.734 1.0 0.1 0.0 5.9 83.8 -82.0
68.939 1.0 0.1 0.1 6.0 83.7 -82.2
69.034 1.2 0.1 0.0 5.5 84.2 -82.8
69.134 1.1 0.1 0.1 4.4 85.1 -83.4
69.234 1.0 0.0 0.1 2.5 86.4 -85.0
69.334 0.9 0.0 0.0 0.7 87.7 -87.3
69.432 0.9 0.1 0.0 0.5 88.2 -87.9
69.536 0.8 0.1 0.0 1.5 87.6 -86.8
69.633 0.9 0.0 0.0 2.7 86.9 -85.7
69.731 1.2 0.0 0.0 4.9 84.9 -83.6
69.933 1.2 0.1 0.0 5.3 84.6 -83.4
70.034 1.0 0.0 0.0 3.0 86.4 -85.1
70.132 0.9 0.1 -0.0 1.1 88.1 -87.5
70.236 0.8 0.0 -0.0 0.6 88.9 -88.5
70.332 0.9 0.1 0.0 1.8 88.1 -87.5
70.432 0.9 0.1 0.0 3.7 86.1 -85.2
70.533 1.3 -0.0 0.0 5.1 84.9 -84.5
70.633 1.4 0.1 0.1 6.4 83.6 -83.1
70.732 1.2 0.0 0.1 4.9 84.9 -83.6
70.934 0.8 0.1 -0.0 1.3 87.8 -87.1
71.035 0.8 0.1 -0.0 1.9 87.7 -87.0
71.137 0.9 0.0 0.0 3.6 86.2 -85.3
71.233 1.2 0.1 0.1 5.9 84.1 -83.2
71.333 1.4 0.1 0.0 7.2 82.8 -82.1
71.431 1.2 0.2 0.1 6.7 83.0 -81.4
71.531 1.0 0.1 0.0 3.3 85.9 -84.5
71.633 0.7 -0.0 -0.0 0.4 89.1 -88.8
71.731 0.7 0.1 0.0 1.7 88.3 -88.1
71.933 1.3 0.1 0.1 6.1 83.9 -83.8
72.031 1.3 0.1 0.0 7.0 83.1 -83.0
72.13 1.1 0.1 0.1 5.8 84.2 -83.4
72.229 0.9 0.0 0.0 3.4 86.3 -85.2
72.33 0.8 0.1 -0.0 2.5 87.0 -86.1
72.433 0.8 0.1 0.0 3.5 86.2 -85.2
72.529 0.9 0.1 -0.1 5.0 84.9 -84.0
72.628 1.2 0.1 0.1 7.4 82.3 -80.8
72.73 1.2 -0.1 0.1 8.6 81.0 -79.1
72.928 1.0 0.0 0.0 4.5 84.2 -82.3
73.031 0.8 0.1 -0.0 2.5 86.0 -84.8
73.128 0.7 0.2 0.1 3.5 85.2 -83.8
73.23 1.0 0.0 0.0 5.2 84.2 -82.6
73.328 1.2 0.1 0.1 7.4 82.2 -80.5
73.431 1.3 0.1 0.1 8.8 80.9 -79.0
73.53 1.2 0.1 0.1 7.3 82.2 -80.2
73.628 1.0 0.1 0.0 4.4 84.6 -82.8
73.728 0.8 0.1 -0.0 3.1 85.9 -84.5
73.927 0.9 0.0 0.1 5.9 83.6 -81.8
74.028 1.3 0.1 0.1 7.8 82.0 -80.4
74.128 1.3 0.2 0.1 8.4 81.2 -79.3
74.227 1.1 0.1 0.1 6.2 82.9 -80.7
74.329 0.9 0.1 0.0 3.5 84.9 -83.2
74.429 0.7 0.1 -0.0 3.0 85.5 -84.2
74.53 0.8 0.1 0.0 4.4 84.8 -83.2
74.626 1.0 0.1 0.1 6.4 83.2 -81.6
74.727 1.4 0.2 0.1 8.6 81.3 -80.1
74.929 1.1 0.1 0.1 5.8 83.5 -81.7
75.029 0.8 0.0 0.0 3.3 85.5 -84.0
75.127 0.7 0.2 0.0 3.4 85.8 -84.5
75.228 0.9 0.1 0.0 5.1 84.5 -83.2
75.328 1.1 0.1 0.0 7.5 82.4 -81.4
75.424 1.2 0.4 0.2 9.7 80.0 -78.2
75.528 1.3 0.1 0.0 7.9 82.1 -81.1
75.627 1.0 0.1 0.0 4.8 84.8 -83.4
75.729 0.9 0.0 -0.0 2.0 87.2 -86.3
75.927 0.8 0.0 0.0 1.1 88.0 -87.3
76.027 1.0 0.0 0.1 2.4 87.3 -86.4
76.124 1.3 -0.0 -0.0 4.7 85.2 -84.5
76.224 1.3 0.1 0.0 4.7 85.3 -84.6
76.326 1.1 0.0 0.0 2.2 87.3 -86.1
76.427 0.9 0.0 0.0 -0.1 88.1 -88.1
76.526 0.7 0.1 0.0 -0.4 88.2 -88.6
76.623 0.9 0.0 -0.0 1.3 88.3 -87.6
76.723 1.2 0.0 0.0 3.8 86.2 -86.0
76.924 1.1 0.1 -0.0 5.4 84.6 -84.2
77.025 1.0 0.1 0.0 4.4 85.5 -84.6
77.125 1.1 -0.0 -0.0 3.1 86.9 -86.2
77.225 1.2 0.0 0.0 1.6 88.1 -87.4
77.324 0.9 0.0 0.0 -0.4 88.5 -89.0
77.422 0.8 0.1 0.0 0.1 88.9 -88.9
77.525 0.9 0.1 0.0 3.0 86.9 -86.1
77.623 1.0 0.1 0.0 4.9 85.0 -84.1
77.723 1.2 0.1 0.0 7.0 83.0 -82.3
77.927 1.1 0.1 0.1 6.6 83.3 -82.2
78.022 1.1 0.1 0.0 4.6 85.1 -83.7
78.124 0.8 0.0 0.0 2.6 86.3 -84.8
78.221 0.8 0.0 0.0 2.3 86.2 -84.8
78.321 0.9 0.1 0.0 3.4 85.8 -84.3
78.423 1.0 0.1 0.1 4.9 84.8 -83.3
78.525 1.2 0.1 0.0 6.2 83.8 -83.5
78.622 1.3 0.1 0.0 6.6 83.4 -82.8
78.722 1.1 0.0 0.0 4.5 85.4 -84.3
78.925 0.9 0.0 -0.0 0.5 88.5 -87.8
79.024 0.9 0.1 0.0 0.7 88.4 -87.5
79.121 0.8 0.0 0.0 2.1 87.0 -84.9
79.225 1.0 0.1 0.0 3.4 86.2 -84.1
79.321 1.1 0.0 0.0 5.2 84.4 -81.7
79.425 1.2 0.1 0.1 6.1 83.6 -80.7
79.525 1.2 0.1 0.1 5.1 84.3 -81.2
79.623 1.1 0.1 0.0 3.0 85.8 -82.8
79.721 0.9 0.0 0.0 0.9 86.8 -84.7
79.923 0.9 0.1 0.1 2.3 87.2 -85.2
80.02 1.0 0.0 0.0 4.8 85.1 -83.5
80.122 1.3 0.1 0.0 6.6 83.4 -81.5
80.222 1.3 0.1 0.1 6.7 82.9 -80.0
80.321 1.1 0.0 0.0 4.0 85.1 -82.1
80.419 0.8 0.0 0.0 1.7 86.9 -84.7
80.525 0.8 0.1 0.0 1.9 87.2 -85.4
80.622 0.9 0.1 -0.0 3.7 85.9 -83.9
80.721 1.1 0.0 0.1 5.7 84.0 -81.6
80.921 1.3 0.1 0.1 7.3 81.9 -78.3
81.027 1.1 0.1 0.1 4.6 83.9 -80.3
81.119 0.7 0.0 0.0 2.1 86.4 -84.3
81.222 0.7 0.1 0.0 2.3 87.3 -85.9
81.318 1.0 0.0 -0.1 4.0 86.0 -85.2
81.416 1.2 0.1 0.1 6.6 83.3 -81.6
81.52 1.3 0.2 0.1 7.6 82.1 -79.7
81.619 1.2 0.2 0.1 6.4 83.0 -80.2
81.72 0.9 0.0 0.0 3.4 85.2 -82.1
81.918 0.8 0.1 0.1 3.6 84.1 -80.3
82.021 1.3 0.1 0.1 6.6 82.5 -78.9
82.117 1.4 0.2 0.2 7.6 81.5 -77.5
82.216 0.9 0.1 0.1 4.9 82.9 -78.6
82.318 0.7 0.0 -0.0 1.7 86.9 -85.0
82.419 0.8 0.0 -0.0 3.5 86.1 -84.4
82.52 1.3 0.1 0.1 6.6 83.4 -82.2
82.619 1.4 0.2 0.2 7.8 81.6 -78.6
82.715 0.8 0.1 0.1 5.0 83.1 -79.1
82.92 1.5 0.3 0.1 6.8 83.2 -82.8
83.015 1.2 0.1 0.1 6.1 83.4 -80.7
83.118 0.5 0.0 -0.0 2.7 86.7 -84.9
83.218 0.8 0.1 0.1 4.7 85.3 -84.3
83.318 1.7 0.2 0.1 6.7 83.3 -82.2
83.417 0.8 -0.1 0.0 3.8 84.3 -81.3
83.516 0.7 0.1 -0.0 2.7 86.6 -84.9
83.617 0.9 0.1 0.1 5.2 84.7 -83.5
83.717 1.6 0.2 0.1 6.8 83.2 -83.6
83.916 0.4 0.0 -0.1 4.5 84.2 -81.6
84.015 1.6 0.1 0.0 7.2 82.8 -81.5
84.115 1.0 0.3 0.2 4.5 84.4 -81.8
84.216 0.2 -0.1 -0.0 2.5 86.0 -84.3
84.314 1.7 0.3 0.0 6.9 83.1 -84.3
84.416 0.3 -0.5 -0.1 4.8 84.2 -81.5
84.513 2.0 1.0 0.0 7.1 82.7 -84.5
84.618 -0.5 -1.3 -0.5 3.1 85.8 -83.7
84.717 1.5 0.5 0.1 5.4 84.5 -86.0
84.915 2.0 1.0 -0.2 0.5 86.9 -92.6
85.016 0.4 -0.5 -0.4 1.6 88.4 -87.9
85.122 -0.2 -1.3 -0.4 3.4 85.7 -83.9
85.218 -0.2 -0.8 0.2 8.2 79.9 -76.5
85.315 1.3 0.4 0.1 6.2 83.6 -82.3
85.418 1.3 0.4 0.0 5.4 84.4 -83.3
85.515 1.5 0.2 0.1 7.4 82.0 -80.1
85.613 0.8 0.2 0.2 5.8 83.0 -80.7
85.713 0.8 0.2 0.3 6.9 80.9 -77.9
85.913 1.0 0.1 0.0 5.4 83.9 -81.6
86.014 1.0 0.1 0.0 7.2 82.2 -79.5
86.115 1.0 0.1 0.1 8.9 79.7 -75.2
86.214 1.0 0.2 0.1 8.3 80.4 -76.0
86.312 0.8 0.1 0.2 6.3 81.9 -77.4
86.414 1.0 0.2 0.1 6.8 82.1 -78.4
86.514 1.0 0.3 0.1 7.3 81.9 -78.6
86.615 1.0 0.0 0.0 5.9 83.5 -80.9
86.715 1.0 0.1 0.0 6.5 83.0 -80.4
86.912 1.0 0.1 0.0 6.0 83.5 -81.0
87.01 1.0 0.0 0.0 4.8 84.7 -82.5
87.112 1.0 0.0 0.0 4.7 84.8 -82.6
87.21 1.0 0.0 -0.0 3.5 86.2 -84.9
87.311 1.0 0.0 0.0 2.3 87.3 -86.1
87.411 1.0 0.0 0.0 1.7 88.1 -87.2
87.515 1.0 0.0 0.1 1.2 88.2 -87.2
87.612 1.0 0.0 -0.0 0.1 89.3 -89.1
87.711 1.0 -0.0 0.1 -1.1 88.3 -89.6
87.914 1.0 -0.0 0.0 -1.1 88.6 -90.0
88.015 1.0 -0.0 0.0 -1.1 88.8 -90.3
88.112 1.0 -0.0 0.0 -1.1 88.6 -90.0
88.212 1.0 -0.0 0.1 -1.1 88.5 -89.8
88.311 1.0 -0.0 -0.0 -1.1 88.6 -89.9
88.412 1.0 0.0 0.1 -1.2 88.1 -89.5
88.512 1.0 -0.0 -0.0 -0.5 88.4 -88.8
88.612 1.0 0.0 0.0 3.4 86.0 -84.4
88.71 1.0 0.1 -0.1 7.0 83.0 -82.0
88.91 1.0 0.2 0.0 11.1 78.7 -76.8
89.01 1.0 0.2 0.0 11.8 78.0 -76.2
89.11 1.0 0.1 0.0 9.4 80.4 -78.6
89.21 1.0 0.1 0.0 6.5 83.1 -81.2
89.308 1.0 0.0 0.0 3.3 86.3 -84.9
89.409 1.0 0.0 0.0 0.5 89.4 -89.1
89.515 1.0 -0.0 0.0 -1.2 88.9 -91.3
89.61 1.0 -0.0 0.0 -1.2 88.8 -91.2
89.71 1.0 -0.0 -0.0 -1.2 88.8 -91.4
89.91 1.0 -0.0 -0.0 -0.9 89.1 -90.7
90.006 1.0 -0.0 0.0 0.1 89.5 -89.4
90.11 1.0 0.0 0.0 1.6 88.1 -87.4
90.206 1.0 0.0 0.0 2.3 87.6 -86.9
90.309 1.0 0.1 0.0 4.3 85.6 -84.6
90.411 1.0 0.2 0.0 6.9 83.0 -81.6
90.51 1.0 0.1 0.0 7.8 81.9 -80.2
90.609 1.0 0.1 -0.0 6.6 83.2 -81.9
90.706 1.0 0.0 0.0 3.0 86.8 -85.8
90.909 1.0 -0.1 -0.0 -1.0 88.9 -90.4
91.005 1.0 0.0 0.1 2.5 86.9 -85.8
91.108 1.0 0.1 0.0 6.1 83.6 -82.0
91.21 1.0 0.1 0.1 5.2 84.6 -83.3
91.306 1.0 0.0 -0.0 1.0 88.9 -89.8
91.405 1.0 -0.1 0.0 0.0 89.7 -89.7
91.505 1.0 0.2 0.0 5.1 84.6 -83.2
91.607 1.0 -0.0 -0.0 2.6 87.4 -87.1
91.707 1.0 -0.0 -0.0 -1.1 88.4 -92.4
91.906 1.0 0.2 0.1 6.4 83.5 -82.1
92.005 1.0 -0.1 -0.0 -0.4 89.1 -91.4
92.104 1.0 0.2 0.1 3.5 86.2 -85.1
92.203 1.0 0.2 0.1 5.0 85.0 -84.1
92.306 1.0 -0.0 -0.0 -0.6 88.8 -91.8
92.406 1.1 -0.0 -0.0 0.7 89.4 -89.2
92.505 1.0 0.2 0.1 6.5 83.3 -82.0
92.608 1.0 0.0 -0.1 1.1 88.5 -89.9
92.707 1.0 -0.0 0.1 -0.7 89.3 -90.8
92.905 1.0 0.2 0.0 8.6 81.1 -79.5
93.003 1.0 0.2 0.1 5.2 84.5 -83.0
93.103 1.0 0.0 -0.0 3.0 86.8 -86.0
93.208 1.0 0.1 0.0 4.0 85.7 -84.4
93.303 1.0 0.0 -0.0 3.3 86.5 -85.6
93.402 1.0 0.0 0.0 2.9 86.9 -86.0
93.504 1.0 0.0 -0.0 2.8 87.1 -86.4
93.601 1.0 0.1 0.1 3.3 86.5 -85.4
93.704 1.0 0.1 -0.0 3.3 86.6 -85.8
93.904 1.0 0.1 0.0 3.2 86.7 -85.8
94.003 1.0 0.0 0.0 2.9 86.9 -86.0
94.103 1.0 0.1 0.0 3.1 86.7 -85.7
94.202 1.0 0.0 0.0 2.3 87.5 -86.8
94.301 1.0 0.1 0.0 3.1 86.7 -85.7
94.403 1.0 0.0 0.0 2.6 87.2 -86.3
94.503 1.0 0.1 0.0 2.7 87.0 -86.0
94.605 1.0 0.0 0.0 2.3 87.5 -86.7
94.701 1.0 0.1 0.0 3.1 86.6 -85.7
94.904 1.0 0.0 0.0 2.6 87.0 -86.1
95.002 1.0 0.0 0.0 2.4 87.3 -86.5
95.101 1.0 0.1 0.0 3.0 86.7 -85.6
95.203 1.0 0.0 0.0 2.5 87.2 -86.3
95.301 1.0 0.0 0.0 2.3 87.3 -86.5
95.404 1.0 0.0 0.0 2.4 87.3 -86.5
95.502 1.0 0.1 0.0 3.1 86.6 -85.5
95.602 1.0 0.0 0.0 2.8 86.8 -85.8
95.701 1.0 0.1 0.0 2.7 86.9 -85.8
95.901 1.0 0.1 0.0 3.1 86.5 -85.4
96.002 1.0 0.0 0.0 2.8 86.8 -85.8
96.202 1.0 -0.0 0.0 2.2 87.3 -86.4
96.302 1.0 0.1 0.0 3.1 86.4 -85.2
96.401 1.0 0.0 0.0 2.9 86.6 -85.6
96.505 1.0 0.1 0.1 2.8 86.6 -85.5
96.6 1.0 0.0 0.0 2.2 87.4 -86.5
96.702 1.0 0.1 0.0 3.0 86.6 -85.5
96.802 1.0 0.0 -0.0 2.8 86.9 -86.0
97.004 1.0 0.0 -0.0 2.0 87.8 -87.0
97.104 1.0 0.0 0.0 2.3 87.3 -86.4
97.301 1.0 -0.0 0.0 1.5 88.1 -87.5
97.402 1.0 0.1 0.0 2.0 87.8 -87.1
97.503 1.0 0.0 0.0 1.8 88.0 -87.4
97.6 1.0 0.1 0.0 1.6 88.2 -87.6
97.7 1.0 -0.0 0.0 0.3 89.3 -89.1
97.799 1.0 0.0 0.0 0.9 88.9 -88.5
97.899 1.0 0.0 0.0 1.1 88.6 -88.1
97.997 1.0 0.0 0.0 0.8 89.0 -88.6
98.1 1.0 -0.0 -0.0 -0.9 89.2 -91.1
98.301 1.0 -0.0 -0.0 -1.1 88.5 -92.2
98.397 1.0 -0.0 0.0 -1.2 88.5 -92.1
98.499 1.0 -0.0 -0.0 -1.2 88.4 -92.4
98.601 1.0 -0.0 -0.0 -1.2 88.3 -92.4
98.696 1.0 -0.0 -0.0 -1.2 88.3 -92.4
98.8 1.0 -0.0 0.0 -1.2 88.5 -92.2
98.897 1.0 -0.0 -0.0 -1.2 88.4 -92.3
98.997 1.0 -0.0 -0.0 -1.1 88.4 -92.3
99.101 1.0 -0.0 -0.0 -1.1 88.3 -92.4
99.297 1.0 -0.0 -0.0 -1.1 88.5 -92.2
99.396 1.0 -0.0 0.0 -1.1 88.6 -92.1
99.497 1.0 -0.0 -0.0 -1.0 88.6 -92.0
99.597 1.0 -0.0 -0.0 -1.1 88.8 -91.7
99.696 1.0 -0.0 -0.0 -1.0 88.8 -91.8
99.8 1.0 -0.0 0.0 -1.0 88.8 -91.7
99.897 1.0 -0.1 0.0 -1.0 88.9 -91.6
99.995 1.0 -0.0 -0.0 -1.0 88.9 -91.6
100.096 1.0 -0.0 -0.0 -0.8 89.1 -91.3
100.295 1.0 -0.0 0.0 -1.0 89.0 -91.5
100.396 1.0 -0.0 -0.0 -1.0 88.9 -91.6
100.495 1.0 -0.0 0.0 -0.6 89.4 -91.0
100.595 1.0 -0.0 -0.0 -0.7 89.2 -91.2
100.694 1.0 -0.0 0.0 -1.0 89.0 -91.4
100.794 1.0 -0.0 -0.0 -0.9 89.1 -91.3
100.895 1.0 -0.0 0.0 -0.8 89.2 -91.1
100.995 1.0 0.0 0.0 -0.7 89.3 -91.1
101.096 1.0 -0.0 0.0 -1.0 89.0 -91.4
101.295 1.0 -0.0 -0.0 -0.8 89.1 -91.2
101.395 1.0 -0.1 -0.0 -1.0 89.1 -91.3
101.494 1.0 -0.0 -0.0 -1.0 89.0 -91.3
101.595 1.0 0.0 0.0 -0.7 89.3 -90.9
101.693 1.0 -0.0 -0.0 -0.7 89.3 -91.0
101.794 1.0 -0.0 0.0 -1.0 89.0 -91.3
101.893 1.0 -0.0 -0.0 -1.0 89.0 -91.3
101.994 1.0 -0.0 0.0 -0.8 89.2 -91.1
102.09 1.0 0.0 0.0 -0.8 89.2 -91.1
