MPU6050 - 04/16/2018 23:46:53
0.035 -0.9 0.4 0.1 24.4 -65.3 -119.4 0.973
0.135 -0.9 0.4 0.1 24.4 -65.3 -119.4 0.970
0.235 -0.9 0.4 0.1 24.4 -65.3 -119.4 0.973
0.333 -0.9 0.4 0.1 24.4 -65.3 -119.4 0.971
0.434 -0.9 0.4 0.1 24.4 -65.3 -119.4 0.970
0.535 -0.9 0.4 0.1 24.4 -65.3 -119.4 0.974
0.635 -0.9 0.4 0.1 24.5 -65.2 -119.5 0.973
0.735 -0.9 0.4 0.1 24.7 -65.0 -119.5 0.974
0.835 -0.9 0.4 0.1 24.7 -65.0 -119.7 0.972
1.034 -0.9 0.4 0.1 24.5 -65.1 -120.1 0.962
1.134 -0.9 0.4 0.1 24.6 -65.0 -120.3 0.974
1.235 -0.9 0.4 0.1 24.9 -64.6 -120.8 0.971
1.334 -0.9 0.4 0.1 25.4 -64.1 -121.7 0.974
1.434 -0.9 0.4 0.1 26.1 -63.4 -122.6 0.969
1.533 -0.9 0.4 0.1 26.4 -63.1 -122.7 0.974
1.636 -0.9 0.4 0.1 26.5 -63.1 -122.5 0.975
1.734 -0.9 0.4 0.1 26.3 -63.3 -122.3 0.972
1.833 -0.9 0.4 0.1 26.2 -63.4 -122.1 0.973
2.033 -0.9 0.4 0.1 26.1 -63.4 -121.9 0.970
2.133 -0.9 0.4 0.1 26.1 -63.5 -121.9 0.972
2.232 -0.9 0.4 0.1 26.1 -63.4 -121.9 0.974
2.334 -0.9 0.4 0.1 26.2 -63.4 -121.9 0.971
2.432 -0.9 0.4 0.1 26.3 -63.3 -121.9 0.974
2.535 -0.9 0.4 0.1 26.3 -63.3 -121.9 0.972
2.631 -0.9 0.4 0.1 26.4 -63.2 -122.0 0.973
2.734 -0.9 0.4 0.1 26.4 -63.2 -122.0 0.972
2.832 -0.9 0.4 0.1 26.4 -63.2 -122.0 0.976
3.031 -0.9 0.4 0.1 26.6 -63.1 -121.8 0.971
3.131 -0.9 0.4 0.1 26.6 -63.0 -121.6 0.974
3.232 -0.9 0.4 0.1 26.7 -63.0 -121.6 0.969
3.332 -0.9 0.4 0.1 26.6 -63.1 -121.6 0.971
3.431 -0.9 0.5 0.1 26.5 -63.2 -121.7 0.973
3.53 -0.9 0.4 0.1 26.4 -63.3 -121.5 0.970
3.631 -0.9 0.4 0.1 26.3 -63.3 -121.4 0.973
3.73 -0.9 0.4 0.1 26.4 -63.3 -121.4 0.974
3.83 -0.9 0.4 0.1 26.4 -63.3 -121.4 0.974
4.034 -0.9 0.4 0.1 26.4 -63.3 -121.4 0.975
4.13 -0.9 0.4 0.1 26.3 -63.3 -121.3 0.971
4.23 -0.9 0.4 0.1 26.4 -63.4 -121.2 0.975
4.33 -0.9 0.4 0.1 26.4 -63.3 -121.2 0.972
4.432 -0.9 0.4 0.1 26.4 -63.3 -121.3 0.972
4.531 -0.9 0.4 0.1 26.4 -63.3 -121.3 0.973
4.631 -0.9 0.4 0.1 26.3 -63.4 -121.2 0.969
4.73 -0.9 0.4 0.1 26.3 -63.4 -121.2 0.972
4.83 -0.9 0.4 0.1 26.3 -63.4 -121.2 0.972
5.03 -0.9 0.4 0.1 26.3 -63.4 -121.1 0.972
5.129 -0.9 0.4 0.1 26.4 -63.3 -121.2 0.971
5.228 -0.9 0.4 0.1 26.4 -63.3 -121.3 0.972
5.329 -0.9 0.4 0.1 26.4 -63.3 -121.4 0.973
5.43 -0.9 0.4 0.1 26.3 -63.3 -121.2 0.973
5.528 -0.9 0.4 0.1 26.3 -63.4 -121.1 0.970
5.628 -0.9 0.4 0.1 26.4 -63.3 -121.2 0.970
5.728 -0.9 0.4 0.1 26.5 -63.3 -121.3 0.969
5.83 -0.9 0.5 0.0 26.7 -63.1 -121.3 0.978
6.03 -0.9 0.4 0.1 26.4 -63.2 -121.8 0.972
6.133 -0.9 0.4 0.0 25.9 -64.0 -119.7 0.972
6.229 -0.9 0.4 0.1 25.3 -64.5 -118.8 0.978
6.328 -0.9 0.5 0.0 25.4 -64.5 -118.7 0.980
6.433 -0.9 0.5 0.0 25.7 -64.2 -119.1 0.981
6.528 -0.9 0.4 0.0 25.8 -64.1 -119.4 0.972
6.628 -0.9 0.4 0.1 25.8 -64.1 -119.4 0.973
6.728 -0.9 0.4 0.0 25.9 -63.9 -119.8 0.968
6.827 -0.9 0.4 0.1 26.1 -63.7 -120.3 0.971
7.032 -0.9 0.4 0.1 26.2 -63.6 -120.8 0.969
7.128 -0.9 0.4 0.1 26.2 -63.5 -120.9 0.971
7.226 -0.9 0.4 0.1 26.3 -63.4 -121.2 0.972
7.326 -0.9 0.4 0.1 26.4 -63.3 -121.4 0.975
7.426 -0.9 0.4 0.1 26.4 -63.3 -121.4 0.973
7.525 -0.9 0.4 0.1 26.4 -63.3 -121.3 0.974
7.626 -0.9 0.4 0.1 26.4 -63.3 -121.4 0.974
7.727 -0.9 0.4 0.1 26.4 -63.2 -121.5 0.972
7.827 -0.9 0.4 0.1 26.5 -63.2 -121.5 0.971
8.026 -0.9 0.4 0.1 26.5 -63.1 -121.6 0.974
8.127 -0.9 0.4 0.1 26.6 -63.1 -121.6 0.972
8.226 -0.9 0.4 0.1 26.5 -63.1 -121.6 0.975
8.326 -0.9 0.4 0.1 26.5 -63.2 -121.5 0.971
8.431 -0.9 0.4 0.1 26.5 -63.1 -121.5 0.971
8.524 -0.9 0.4 0.1 26.6 -63.1 -121.6 0.971
8.624 -0.9 0.4 0.1 26.6 -63.1 -121.6 0.974
8.726 -0.9 0.4 0.1 26.6 -63.1 -121.6 0.975
8.823 -0.9 0.4 0.1 26.6 -63.1 -121.6 0.973
9.028 -0.9 0.4 0.1 26.6 -63.1 -121.6 0.973
9.124 -0.9 0.4 0.1 26.6 -63.1 -121.6 0.973
9.226 -0.9 0.4 0.1 26.6 -63.1 -121.6 0.971
9.324 -0.9 0.4 0.1 26.6 -63.1 -121.6 0.971
9.425 -0.9 0.4 0.1 26.6 -63.1 -121.6 0.972
9.524 -0.9 0.4 0.1 26.6 -63.1 -121.6 0.970
9.626 -0.9 0.4 0.1 26.6 -63.1 -121.6 0.972
9.724 -0.9 0.4 0.1 26.6 -63.1 -121.6 0.973
9.825 -0.9 0.4 0.1 26.6 -63.1 -121.6 0.973
10.025 -0.9 0.4 0.1 26.6 -63.0 -121.7 0.973
10.123 -0.9 0.4 0.1 26.6 -63.0 -121.7 0.971
10.222 -0.9 0.4 0.1 26.6 -63.0 -121.7 0.972
10.323 -0.9 0.4 0.1 26.6 -63.0 -121.7 0.972
10.424 -0.9 0.4 0.1 26.6 -63.0 -121.7 0.972
10.522 -0.9 0.4 0.1 26.7 -63.0 -121.6 0.974
10.623 -0.9 0.4 0.1 26.7 -63.0 -121.6 0.970
10.722 -0.9 0.4 0.1 26.7 -63.0 -121.6 0.973
10.823 -0.9 0.4 0.1 26.7 -63.0 -121.6 0.975
11.023 -0.9 0.4 0.1 26.6 -63.0 -121.6 0.971
11.121 -0.9 0.4 0.1 26.6 -63.0 -121.6 0.974
11.222 -0.9 0.4 0.1 26.6 -63.0 -121.6 0.969
11.322 -0.9 0.4 0.1 26.7 -63.0 -121.6 0.972
11.421 -0.9 0.4 0.1 26.7 -63.0 -121.6 0.971
11.521 -0.9 0.4 0.1 26.7 -63.0 -121.6 0.971
11.623 -0.9 0.4 0.1 26.7 -63.0 -121.6 0.973
11.722 -0.9 0.4 0.1 26.6 -63.0 -121.6 0.973
11.822 -0.9 0.4 0.1 26.7 -63.0 -121.6 0.971
12.021 -0.9 0.4 0.1 26.7 -63.0 -121.6 0.972
12.12 -0.9 0.4 0.1 26.7 -63.0 -121.6 0.973
12.222 -0.9 0.4 0.1 26.7 -63.0 -121.7 0.972
12.322 -0.9 0.4 0.1 26.7 -63.0 -121.7 0.973
12.423 -0.9 0.4 0.1 26.7 -63.0 -121.7 0.976
12.522 -0.9 0.4 0.1 26.7 -63.0 -121.7 0.973
12.622 -0.9 0.4 0.1 26.7 -63.0 -121.7 0.973
12.72 -0.9 0.4 0.1 26.7 -63.0 -121.7 0.972
12.821 -0.9 0.4 0.1 26.7 -63.0 -121.7 0.974
13.02 -0.9 0.4 0.1 26.7 -63.0 -121.7 0.971
13.12 -0.9 0.4 0.1 26.7 -63.0 -121.7 0.975
13.222 -0.9 0.4 0.1 26.7 -63.0 -121.7 0.974
13.32 -0.9 0.4 0.1 26.7 -63.0 -121.6 0.972
13.419 -0.9 0.4 0.1 26.7 -63.0 -121.6 0.972
13.519 -0.9 0.4 0.1 26.7 -63.0 -121.6 0.970
13.62 -0.9 0.4 0.1 26.7 -63.0 -121.6 0.973
13.72 -0.9 0.4 0.1 26.7 -63.0 -121.6 0.971
13.819 -0.9 0.4 0.1 26.7 -63.0 -121.6 0.972
14.02 -0.9 0.4 0.1 26.7 -63.0 -121.6 0.973
14.123 -0.9 0.4 0.1 26.7 -63.0 -121.6 0.970
14.219 -0.9 0.4 0.1 26.7 -63.0 -121.6 0.975
14.319 -0.9 0.4 0.1 26.7 -63.0 -121.6 0.971
14.419 -0.9 0.4 0.1 26.7 -63.0 -121.6 0.974
14.52 -0.9 0.4 0.1 26.7 -63.0 -121.6 0.971
14.618 -0.9 0.4 0.1 26.7 -63.0 -121.7 0.972
14.718 -0.9 0.4 0.1 26.8 -62.9 -121.7 0.973
14.818 -0.9 0.4 0.1 26.8 -62.9 -121.8 0.973
15.021 -0.9 0.4 0.1 26.8 -62.9 -121.8 0.971
15.118 -0.9 0.4 0.1 26.8 -62.8 -121.9 0.970
15.217 -0.9 0.4 0.1 26.9 -62.8 -121.9 0.974
15.318 -0.9 0.4 0.1 26.9 -62.8 -122.0 0.971
15.417 -0.9 0.4 0.1 26.9 -62.8 -122.0 0.973
15.517 -0.9 0.4 0.1 26.9 -62.8 -122.0 0.974
15.617 -0.9 0.4 0.1 26.9 -62.8 -122.0 0.974
15.716 -0.9 0.4 0.1 26.9 -62.8 -122.0 0.972
15.822 -0.9 0.4 0.1 26.9 -62.8 -122.0 0.973
16.015 -0.9 0.4 0.1 26.9 -62.7 -121.9 0.970
16.116 -0.9 0.4 0.1 26.9 -62.7 -121.9 0.973
16.216 -0.9 0.4 0.1 26.9 -62.8 -121.9 0.974
16.318 -0.9 0.4 0.1 26.9 -62.8 -121.9 0.973
16.416 -0.9 0.4 0.1 26.9 -62.8 -121.9 0.969
16.517 -0.9 0.4 0.1 26.9 -62.8 -121.9 0.972
16.616 -0.9 0.4 0.1 26.9 -62.7 -121.9 0.970
16.716 -0.9 0.4 0.1 27.0 -62.7 -122.0 0.970
16.818 -0.9 0.4 0.1 27.0 -62.7 -122.0 0.972
17.016 -0.9 0.4 0.1 26.9 -62.7 -121.9 0.972
17.116 -0.9 0.4 0.1 27.0 -62.7 -122.0 0.974
17.225 -0.9 0.4 0.1 27.0 -62.7 -122.0 0.970
17.316 -0.9 0.4 0.1 27.0 -62.7 -122.0 0.970
17.418 -0.9 0.4 0.1 27.0 -62.7 -122.0 0.972
17.516 -0.9 0.4 0.1 27.0 -62.7 -122.0 0.974
17.616 -0.9 0.4 0.1 27.0 -62.7 -122.0 0.974
17.715 -0.9 0.4 0.1 27.1 -62.6 -122.1 0.974
17.816 -0.9 0.4 0.1 27.1 -62.6 -122.1 0.973
18.014 -0.9 0.4 0.1 27.1 -62.6 -122.2 0.972
18.115 -0.9 0.4 0.1 27.0 -62.6 -122.2 0.970
18.218 -0.9 0.4 0.1 27.0 -62.6 -122.2 0.973
18.314 -0.9 0.4 0.1 27.0 -62.6 -122.2 0.974
18.413 -0.9 0.4 0.1 27.0 -62.7 -122.2 0.969
18.514 -0.9 0.4 0.1 26.8 -62.9 -122.0 0.971
18.614 -0.9 0.4 0.1 26.6 -63.1 -121.7 0.976
18.713 -0.9 0.5 0.1 26.9 -62.8 -121.9 0.976
18.816 -0.9 0.4 0.1 27.1 -62.6 -122.0 0.972
19.014 -0.9 0.4 0.1 27.3 -62.5 -122.0 0.970
19.115 -0.9 0.4 0.1 27.2 -62.5 -122.0 0.973
19.215 -0.9 0.4 0.1 27.3 -62.4 -122.0 0.975
19.313 -0.9 0.5 0.1 27.2 -62.5 -122.1 0.972
19.414 -0.9 0.4 0.1 27.1 -62.6 -122.1 0.974
19.513 -0.9 0.4 0.1 27.0 -62.7 -121.9 0.971
19.613 -0.9 0.4 0.1 27.0 -62.8 -121.8 0.969
19.715 -0.9 0.4 0.1 26.9 -62.8 -121.7 0.971
19.813 -0.9 0.4 0.1 27.0 -62.7 -121.7 0.973
20.012 -0.9 0.4 0.1 26.9 -62.9 -121.7 0.971
20.114 -0.9 0.4 0.1 26.7 -63.0 -121.5 0.970
20.214 -0.9 0.4 0.1 26.6 -63.1 -121.4 0.969
20.315 -0.9 0.4 0.1 26.5 -63.3 -121.1 0.971
20.414 -0.9 0.4 0.1 26.4 -63.4 -121.1 0.975
20.512 -0.9 0.4 0.1 26.5 -63.3 -121.2 0.969
20.615 -0.9 0.4 0.1 26.5 -63.2 -121.4 0.969
20.711 -0.9 0.4 0.1 26.6 -63.1 -121.4 0.971
20.812 -0.9 0.4 0.1 26.6 -63.2 -121.4 0.975
21.014 -0.9 0.4 0.1 26.6 -63.2 -121.4 0.973
21.111 -0.9 0.4 0.1 26.5 -63.2 -121.4 0.975
21.213 -0.9 0.4 0.1 26.5 -63.2 -121.4 0.974
21.312 -0.9 0.4 0.1 26.5 -63.2 -121.4 0.972
21.411 -0.9 0.4 0.1 26.6 -63.2 -121.4 0.969
21.515 -0.9 0.4 0.1 26.6 -63.2 -121.4 0.973
21.61 -0.9 0.4 0.1 26.5 -63.2 -121.4 0.970
21.712 -0.9 0.4 0.1 26.5 -63.2 -121.4 0.970
21.811 -0.9 0.4 0.1 26.6 -63.2 -121.4 0.973
22.009 -0.9 0.4 0.1 26.7 -63.1 -121.4 0.973
22.111 -0.9 0.4 0.1 26.8 -62.9 -121.5 0.972
22.215 -0.9 0.4 0.1 27.0 -62.8 -121.5 0.969
22.31 -0.9 0.4 0.1 27.0 -62.7 -121.5 0.971
22.41 -0.9 0.4 0.1 27.0 -62.8 -121.5 0.971
22.509 -0.9 0.4 0.1 27.0 -62.8 -121.6 0.971
22.609 -0.9 0.4 0.1 27.1 -62.6 -121.8 0.976
22.708 -0.9 0.4 0.1 27.2 -62.6 -121.8 0.971
22.81 -0.9 0.4 0.1 27.2 -62.5 -121.9 0.973
23.01 -0.9 0.4 0.1 27.2 -62.6 -121.8 0.972
23.11 -0.9 0.4 0.1 27.1 -62.6 -121.7 0.971
23.209 -0.9 0.4 0.1 27.1 -62.6 -121.7 0.971
23.308 -0.9 0.4 0.1 27.1 -62.6 -121.7 0.973
23.41 -0.9 0.4 0.1 27.1 -62.6 -121.7 0.974
23.508 -0.9 0.4 0.1 27.2 -62.6 -121.7 0.974
23.607 -0.9 0.4 0.1 27.2 -62.6 -121.7 0.970
23.708 -0.9 0.4 0.1 27.2 -62.5 -121.8 0.973
23.809 -0.9 0.4 0.1 27.2 -62.5 -121.8 0.971
24.008 -0.9 0.4 0.1 27.2 -62.6 -121.7 0.972
24.109 -0.9 0.4 0.1 27.2 -62.6 -121.7 0.971
24.21 -0.9 0.4 0.1 27.2 -62.5 -121.8 0.974
24.309 -0.9 0.4 0.1 27.3 -62.5 -121.9 0.971
24.408 -0.9 0.4 0.1 27.4 -62.4 -121.9 0.971
24.507 -0.9 0.4 0.1 27.4 -62.4 -121.9 0.972
24.608 -0.9 0.4 0.1 27.4 -62.4 -121.8 0.969
24.708 -0.9 0.5 0.1 27.4 -62.4 -121.9 0.973
24.806 -0.9 0.4 0.1 27.3 -62.4 -121.9 0.973
25.009 -0.9 0.4 0.1 27.3 -62.5 -121.8 0.971
25.106 -0.9 0.4 0.1 27.3 -62.5 -121.8 0.972
25.208 -0.9 0.4 0.1 27.3 -62.5 -121.8 0.972
25.307 -0.9 0.4 0.1 27.3 -62.5 -121.8 0.972
25.409 -0.9 0.4 0.1 27.3 -62.4 -121.8 0.974
25.507 -0.9 0.4 0.1 27.3 -62.4 -121.8 0.972
25.609 -0.9 0.4 0.1 27.3 -62.5 -121.8 0.974
25.707 -0.9 0.5 0.1 27.3 -62.5 -121.7 0.979
25.806 -0.9 0.4 0.1 27.4 -62.4 -122.0 0.975
26.006 -0.8 0.5 0.1 28.3 -61.5 -122.9 0.974
26.106 -0.8 0.5 0.1 28.6 -61.2 -123.1 0.976
26.204 -0.9 0.5 0.1 28.5 -61.2 -123.1 0.970
26.306 -0.9 0.4 0.1 28.4 -61.3 -122.9 0.972
26.404 -0.9 0.5 0.1 28.4 -61.4 -122.7 0.974
26.507 -0.8 0.5 0.1 28.4 -61.4 -122.5 0.973
26.607 -0.9 0.5 0.1 28.4 -61.4 -122.7 0.976
26.703 -0.9 0.5 0.1 28.3 -61.5 -122.6 0.971
26.803 -0.9 0.5 0.1 28.2 -61.6 -122.5 0.972
27.004 -0.9 0.5 0.1 28.3 -61.6 -122.4 0.975
27.106 -0.9 0.4 0.1 28.1 -61.7 -122.5 0.976
27.206 -0.9 0.5 0.1 28.1 -61.7 -122.5 0.973
27.307 -0.9 0.5 0.1 28.1 -61.7 -122.5 0.969
27.404 -0.9 0.5 0.1 28.1 -61.7 -122.5 0.973
27.505 -0.9 0.5 0.1 28.1 -61.7 -122.5 0.974
27.606 -0.9 0.5 0.1 28.1 -61.7 -122.4 0.972
27.709 -0.9 0.5 0.1 28.1 -61.7 -122.3 0.973
27.805 -0.9 0.5 0.1 28.2 -61.6 -122.3 0.976
28.007 -0.9 0.5 0.1 28.1 -61.8 -122.2 0.975
28.104 -0.9 0.5 0.1 28.0 -61.8 -122.1 0.973
28.207 -0.9 0.5 0.1 27.9 -61.9 -122.1 0.970
28.303 -0.9 0.5 0.1 28.0 -61.8 -122.5 0.973
28.402 -0.9 0.5 0.1 28.1 -61.7 -122.7 0.968
28.501 -0.9 0.5 0.1 28.0 -61.8 -122.7 0.975
28.604 -0.9 0.4 0.1 27.9 -61.9 -122.7 0.972
28.702 -0.9 0.4 0.1 27.9 -61.9 -122.9 0.973
28.802 -0.8 0.5 0.1 28.0 -61.7 -123.2 0.972
29.002 -0.9 0.4 0.1 28.2 -61.6 -122.7 0.969
29.102 -0.9 0.4 0.0 28.1 -61.7 -122.0 0.979
29.203 -0.8 0.5 0.1 28.0 -61.8 -122.0 0.971
29.303 -0.9 0.4 0.0 27.8 -62.0 -121.8 0.973
29.402 -0.9 0.4 0.1 27.8 -62.0 -122.0 0.974
29.502 -0.9 0.4 0.1 27.9 -61.9 -122.4 0.969
29.601 -0.9 0.5 0.0 28.2 -61.6 -122.3 0.977
29.703 -0.9 0.5 0.1 28.6 -61.2 -123.2 0.976
29.804 -0.8 0.5 0.1 29.3 -60.4 -124.2 0.976
30.003 -0.8 0.5 0.1 31.1 -58.4 -128.2 1.000
30.101 -0.8 0.5 0.1 31.8 -57.4 -131.2 1.009
30.203 -0.8 0.6 0.2 32.3 -56.5 -134.8 1.014
30.301 -0.8 0.6 0.2 32.9 -55.5 -138.4 0.966
30.403 -0.7 0.5 0.2 33.3 -54.8 -140.0 0.937
30.501 -0.8 0.5 0.1 33.2 -55.0 -139.8 0.970
30.603 -0.8 0.5 0.2 33.0 -54.9 -140.6 0.988
30.701 -0.8 0.5 0.2 33.3 -54.6 -141.3 0.990
30.802 -0.8 0.6 0.2 33.7 -53.8 -143.2 1.005
31 -0.8 0.6 0.2 34.7 -52.5 -146.0 0.978
31.1 -0.8 0.6 0.2 35.0 -52.2 -146.7 0.997
31.198 -0.8 0.5 0.2 35.0 -52.2 -147.3 1.005
31.299 -0.8 0.5 0.2 35.1 -52.3 -146.8 0.961
31.399 -0.8 0.6 0.2 35.3 -52.3 -146.1 0.972
31.499 -0.8 0.6 0.2 35.2 -52.6 -145.2 0.964
31.6 -0.8 0.6 0.2 35.8 -52.3 -144.1 0.978
31.704 -0.8 0.6 0.2 36.7 -51.6 -144.2 0.971
31.8 -0.8 0.6 0.1 36.8 -51.6 -143.9 0.997
31.999 -0.8 0.6 0.1 36.2 -52.4 -142.3 0.978
32.1 -0.8 0.6 0.1 36.3 -52.4 -142.0 0.975
32.198 -0.8 0.6 0.2 36.3 -52.4 -141.9 0.957
32.299 -0.8 0.6 0.2 36.2 -52.4 -142.1 0.971
32.397 -0.7 0.6 0.2 36.1 -52.4 -142.3 0.961
32.497 -0.8 0.6 0.2 35.5 -53.1 -141.8 0.967
32.597 -0.8 0.5 0.2 35.0 -53.7 -140.3 0.971
32.698 -0.8 0.6 0.1 34.6 -54.2 -138.6 0.999
32.799 -0.8 0.6 0.1 34.3 -54.7 -136.9 0.985
32.998 -0.8 0.5 0.1 33.7 -55.4 -135.0 0.998
33.098 -0.8 0.5 0.2 34.7 -54.4 -136.4 0.943
33.199 -0.8 0.8 0.2 36.3 -52.8 -137.9 1.099
33.296 -0.7 0.7 0.2 35.0 -54.3 -135.6 1.030
33.397 -0.9 0.5 0.1 31.7 -57.9 -130.2 1.017
33.499 -0.9 0.5 0.1 28.1 -61.6 -124.8 1.009
33.597 -0.9 0.3 0.0 23.6 -66.3 -117.3 0.975
33.696 -0.9 0.3 0.0 19.9 -70.2 -111.4 0.946
33.798 -0.9 0.3 0.0 17.2 -72.9 -108.0 0.965
33.999 -0.9 0.2 0.0 12.5 -77.5 -104.5 0.963
34.1 -0.9 0.2 0.0 10.9 -79.1 -103.0 0.958
34.196 -1.0 0.2 0.0 9.9 -80.0 -102.2 0.974
34.295 -1.0 0.2 0.0 9.2 -80.8 -101.4 0.975
34.395 -1.0 0.1 0.0 8.5 -81.5 -100.3 0.975
34.496 -1.0 0.1 0.0 8.1 -81.8 -100.0 0.965
34.597 -1.0 0.2 0.0 7.9 -82.1 -99.7 0.968
34.697 -1.0 0.1 0.0 7.8 -82.2 -99.6 0.969
34.794 -1.0 0.1 0.0 8.0 -82.0 -99.5 0.981
34.995 -1.0 0.1 0.0 9.2 -80.8 -100.8 0.976
35.098 -1.0 0.2 0.1 11.0 -78.9 -103.8 0.993
35.196 -0.9 0.1 0.0 12.2 -77.7 -105.9 0.939
35.295 -0.9 0.2 0.1 14.0 -75.6 -110.4 0.951
35.394 -0.9 0.3 0.1 17.5 -71.7 -117.2 0.965
35.498 -1.0 0.5 0.1 22.5 -66.0 -126.6 1.072
35.598 -0.9 0.4 0.2 27.3 -60.6 -133.9 0.974
35.696 -0.8 0.6 0.2 31.9 -55.6 -140.5 1.069
35.795 -0.8 0.5 0.1 33.3 -54.1 -142.1 0.906
35.997 -0.7 0.6 0.2 34.9 -52.5 -143.8 0.991
36.093 -0.8 0.6 0.2 33.8 -54.3 -140.0 0.982
36.196 -0.8 0.5 0.2 32.7 -56.0 -136.2 1.000
36.294 -0.9 0.4 0.1 30.7 -58.6 -131.1 0.968
36.396 -0.8 0.4 0.1 31.1 -58.3 -131.0 0.943
36.494 -0.8 0.6 0.1 32.0 -57.2 -133.2 0.981
36.592 -0.8 0.6 0.2 31.9 -57.2 -134.2 1.009
36.694 -0.8 0.6 0.1 31.3 -57.8 -133.7 1.014
36.797 -0.9 0.5 0.1 29.5 -59.6 -131.7 1.013
36.995 -0.9 0.4 0.1 24.5 -64.8 -124.6 0.993
37.093 -0.9 0.4 0.1 22.0 -67.5 -120.5 1.007
37.193 -0.9 0.4 0.1 20.0 -69.6 -117.0 0.991
37.297 -0.9 0.3 0.1 18.4 -71.3 -114.5 0.978
37.391 -0.9 0.2 0.1 16.2 -73.5 -111.4 0.970
37.493 -0.9 0.2 0.0 13.5 -76.3 -107.5 0.954
37.593 -0.9 0.2 0.0 11.0 -78.9 -103.8 0.961
37.694 -1.0 0.1 0.0 9.3 -80.7 -100.9 0.984
37.791 -1.0 0.1 0.0 8.0 -82.0 -98.9 0.983
37.995 -1.0 0.1 -0.0 7.0 -83.1 -97.5 0.967
38.091 -1.0 0.1 0.0 7.6 -82.4 -98.5 0.973
38.194 -1.0 0.1 0.0 8.9 -81.0 -101.0 0.963
38.291 -0.9 0.2 0.0 11.1 -78.7 -105.1 0.956
38.394 -0.9 0.2 0.1 14.6 -75.0 -110.8 0.957
38.492 -0.9 0.3 0.1 19.0 -70.3 -117.9 0.967
38.595 -0.9 0.4 0.1 24.5 -64.4 -126.0 1.018
38.691 -0.9 0.7 0.2 30.3 -58.3 -133.4 1.121
38.803 -0.8 0.6 0.2 32.8 -55.0 -140.7 1.000
38.993 -0.8 0.5 0.2 32.1 -55.6 -142.4 0.964
39.092 -0.8 0.4 0.2 31.5 -56.3 -141.8 0.937
39.19 -0.9 0.5 0.2 31.2 -57.0 -139.4 0.986
39.291 -0.8 0.5 0.1 31.2 -57.3 -138.3 0.963
39.39 -0.8 0.6 0.2 31.5 -57.1 -137.7 0.960
39.492 -0.8 0.5 0.2 31.6 -57.3 -136.3 0.962
39.589 -0.9 0.4 0.1 30.3 -58.8 -133.2 0.961
39.703 -0.9 0.5 0.1 28.6 -61.0 -127.7 1.005
39.79 -0.9 0.4 0.1 25.8 -64.0 -121.6 1.021
39.992 -0.9 0.4 -0.0 20.0 -70.0 -109.2 0.963
40.092 -0.9 0.3 -0.0 17.8 -72.1 -104.3 0.976
40.189 -1.0 0.2 -0.0 15.6 -74.1 -100.2 0.989
40.292 -0.9 0.2 -0.1 13.4 -76.1 -97.1 0.964
40.388 -1.0 0.2 -0.1 11.7 -77.7 -95.4 0.980
40.489 -1.0 0.2 -0.1 10.5 -78.8 -94.1 0.974
40.592 -0.9 0.2 -0.1 9.7 -79.8 -94.1 0.964
40.688 -0.9 0.2 -0.0 9.5 -80.2 -95.4 0.958
40.789 -0.9 0.2 -0.0 10.1 -79.9 -97.7 0.955
40.989 -0.9 0.2 0.0 13.5 -76.5 -105.8 0.963
41.089 -0.9 0.2 0.0 17.1 -72.6 -113.5 0.977
41.19 -0.9 0.3 0.1 21.7 -67.5 -121.7 0.976
41.292 -0.9 0.4 0.1 27.0 -61.9 -129.1 0.996
41.489 -0.7 0.5 0.2 33.0 -55.1 -141.4 0.903
41.588 -0.7 0.6 0.2 31.9 -56.3 -141.0 0.931
41.688 -0.8 0.6 0.2 32.0 -56.4 -139.5 0.964
41.894 -0.9 0.5 0.1 32.9 -55.8 -137.5 0.998
41.988 -0.8 0.5 0.1 32.0 -56.9 -135.5 0.956
42.087 -0.8 0.6 0.1 30.5 -58.9 -130.9 0.978
42.191 -0.9 0.5 0.1 28.8 -60.9 -126.4 1.012
42.286 -0.9 0.4 0.0 26.6 -63.2 -122.2 0.992
42.489 -0.9 0.4 0.0 20.8 -69.2 -112.2 0.983
42.586 -0.9 0.3 -0.0 18.8 -71.3 -108.7 0.969
42.686 -1.0 0.3 -0.0 16.8 -73.3 -105.2 0.991
42.786 -0.9 0.3 -0.0 14.6 -75.4 -102.9 0.978
42.887 -1.0 0.2 -0.1 12.2 -77.8 -100.0 0.979
42.986 -1.0 0.2 -0.1 9.7 -80.2 -97.5 1.000
43.087 -1.0 0.1 -0.0 7.0 -83.0 -96.8 0.985
43.187 -1.0 0.1 0.0 4.5 -85.3 -96.9 0.966
43.285 -1.0 0.0 0.0 2.2 -86.7 -96.7 0.968
43.486 -0.9 -0.1 0.1 -1.7 -86.3 -94.3 0.938
43.587 -0.9 -0.0 0.1 -1.7 -86.6 -93.6 0.946
43.685 -0.9 -0.0 0.1 -0.2 -88.2 -93.0 0.942
43.79 -1.0 -0.0 0.0 1.4 -88.5 -92.7 0.968
43.886 -1.0 0.0 -0.1 3.4 -86.6 -93.1 0.971
43.987 -0.9 0.1 -0.1 5.0 -84.8 -92.7 0.946
44.084 -0.9 0.2 -0.1 7.9 -81.8 -94.6 0.923
44.185 -1.0 0.2 -0.0 10.3 -78.9 -94.8 1.066
44.286 -0.9 0.3 -0.1 10.5 -77.8 -92.0 1.003
44.489 -1.0 0.2 -0.2 9.9 -78.6 -91.4 1.072
44.585 -0.9 0.1 -0.1 9.6 -79.2 -91.8 0.922
44.685 -1.0 0.1 -0.1 8.1 -80.5 -90.4 0.976
44.785 -0.9 0.2 -0.0 7.3 -81.6 -91.0 0.939
44.885 -0.9 0.1 -0.0 6.2 -82.9 -90.8 0.946
44.984 -0.9 0.2 -0.0 6.0 -83.3 -91.6 0.954
45.086 -1.0 0.0 -0.1 5.9 -83.6 -91.9 0.989
45.185 -1.0 0.0 -0.1 5.1 -84.3 -91.2 0.955
45.287 -1.0 0.1 -0.0 4.7 -84.8 -91.4 0.966
45.486 -1.0 0.1 -0.0 5.5 -84.6 -94.8 0.973
45.582 -0.9 0.1 0.0 5.6 -84.5 -96.1 0.948
45.682 -1.0 0.1 0.0 5.6 -84.5 -96.4 0.967
45.783 -1.0 0.1 0.0 5.6 -84.4 -96.6 0.968
45.885 -1.0 0.1 0.0 5.8 -84.2 -97.0 0.965
45.983 -1.0 0.1 0.0 5.9 -84.1 -97.1 0.969
46.082 -1.0 0.1 0.0 6.0 -84.0 -97.2 0.965
46.186 -1.0 0.1 0.0 6.2 -83.8 -97.3 0.979
46.282 -1.0 0.1 0.0 6.2 -83.8 -97.4 0.971
46.487 -1.0 0.1 0.0 6.1 -83.8 -97.4 0.980
46.582 -1.0 0.1 0.0 6.1 -83.8 -97.6 0.970
46.683 -1.0 0.1 0.0 6.0 -84.0 -97.5 0.973
46.783 -1.0 0.1 0.0 5.9 -84.0 -97.6 0.969
46.881 -1.0 0.1 0.0 6.0 -84.0 -97.8 0.966
46.98 -1.0 0.1 0.0 6.0 -83.9 -97.7 0.968
47.081 -1.0 0.1 0.0 6.1 -83.9 -97.6 0.970
47.184 -1.0 0.1 0.0 6.2 -83.8 -97.6 0.970
47.284 -1.0 0.1 0.0 6.4 -83.6 -97.7 0.971
47.483 -1.0 0.1 0.0 6.7 -83.3 -97.8 0.972
47.58 -1.0 0.1 0.0 6.8 -83.2 -97.8 0.968
47.682 -1.0 0.1 0.0 6.9 -83.1 -97.9 0.970
47.78 -1.0 0.1 0.0 7.0 -83.0 -97.9 0.971
47.882 -1.0 0.1 0.0 7.1 -82.9 -98.1 0.969
47.979 -1.0 0.1 0.0 7.1 -82.9 -98.1 0.974
48.08 -1.0 0.1 0.0 7.2 -82.9 -98.1 0.971
48.18 -1.0 0.1 0.0 7.2 -82.8 -98.0 0.971
